1000
1000,483
2000,532
3000,560
4000,580
5000,596
6000,608
7000,619
8000,629
9000,637
10000,644
11000,651
12000,657
13000,663
14000,668
15000,673
16000,677
17000,681
18000,685
19000,689
20000,693
21000,696
22000,699
23000,703
24000,706
25000,708
26000,711
27000,714
28000,716
29000,719
30000,721
31000,723
32000,726
33000,728
34000,730
35000,732
36000,734
37000,736
38000,738
39000,739
40000,741
41000,743
42000,745
43000,746
44000,748
45000,750
46000,751
47000,753
48000,754
49000,755
50000,757
51000,758
52000,760
53000,761
54000,762
55000,764
56000,765
57000,766
58000,767
59000,768
60000,770
61000,771
62000,772
63000,773
64000,774
65000,775
66000,776
67000,777
68000,778
69000,779
70000,780
71000,781
72000,782
73000,783
74000,784
75000,785
76000,786
77000,787
78000,788
79000,789
80000,790
81000,791
82000,792
83000,792
84000,793
85000,794
86000,795
87000,796
88000,796
89000,797
90000,798
91000,799
92000,800
93000,800
94000,801
95000,802
96000,803
97000,803
98000,804
99000,805
100000,805
101000,806
102000,807
103000,807
104000,808
105000,809
106000,809
107000,810
108000,811
109000,811
110000,812
111000,813
112000,813
113000,814
114000,815
115000,815
116000,816
117000,816
118000,817
119000,818
120000,818
121000,819
122000,819
123000,820
124000,820
125000,821
126000,822
127000,822
128000,823
129000,823
130000,824
131000,824
132000,825
133000,825
134000,826
135000,826
136000,827
137000,827
138000,828
139000,828
140000,829
141000,829
142000,830
143000,830
144000,831
145000,831
146000,832
147000,832
148000,833
149000,833
150000,834
151000,834
152000,835
153000,835
154000,836
155000,836
156000,837
157000,837
158000,837
159000,838
160000,838
161000,839
162000,839
163000,840
164000,840
165000,840
166000,841
167000,841
168000,842
169000,842
170000,843
171000,843
172000,843
173000,844
174000,844
175000,845
176000,845
177000,845
178000,846
179000,846
180000,847
181000,847
182000,847
183000,848
184000,848
185000,848
186000,849
187000,849
188000,850
189000,850
190000,850
191000,851
192000,851
193000,851
194000,852
195000,852
196000,853
197000,853
198000,853
199000,854
200000,854
201000,854
202000,855
203000,855
204000,855
205000,856
206000,856
207000,856
208000,857
209000,857
210000,857
211000,858
212000,858
213000,858
214000,859
215000,859
216000,859
217000,860
218000,860
219000,860
220000,861
221000,861
222000,861
223000,862
224000,862
225000,862
226000,862
227000,863
228000,863
229000,863
230000,864
231000,864
232000,864
233000,865
234000,865
235000,865
236000,866
237000,866
238000,866
239000,866
240000,867
241000,867
242000,867
243000,868
244000,868
245000,868
246000,868
247000,869
248000,869
249000,869
250000,870
251000,870
252000,870
253000,870
254000,871
255000,871
256000,871
257000,871
258000,872
259000,872
260000,872
261000,873
262000,873
263000,873
264000,873
265000,874
266000,874
267000,874
268000,874
269000,875
270000,875
271000,875
272000,875
273000,876
274000,876
275000,876
276000,876
277000,877
278000,877
279000,877
280000,877
281000,878
282000,878
283000,878
284000,878
285000,879
286000,879
287000,879
288000,879
289000,880
290000,880
291000,880
292000,880
293000,881
294000,881
295000,881
296000,881
297000,882
298000,882
299000,882
300000,882
301000,883
302000,883
303000,883
304000,883
305000,883
306000,884
307000,884
308000,884
309000,884
310000,885
311000,885
312000,885
313000,885
314000,886
315000,886
316000,886
317000,886
318000,886
319000,887
320000,887
321000,887
322000,887
323000,887
324000,888
325000,888
326000,888
327000,888
328000,889
329000,889
330000,889
331000,889
332000,889
333000,890
334000,890
335000,890
336000,890
337000,890
338000,891
339000,891
340000,891
341000,891
342000,891
343000,892
344000,892
345000,892
346000,892
347000,892
348000,893
349000,893
350000,893
351000,893
352000,893
353000,894
354000,894
355000,894
356000,894
357000,894
358000,895
359000,895
360000,895
361000,895
362000,895
363000,896
364000,896
365000,896
366000,896
367000,896
368000,897
369000,897
370000,897
371000,897
372000,897
373000,898
374000,898
375000,898
376000,898
377000,898
378000,898
379000,899
380000,899
381000,899
382000,899
383000,899
384000,900
385000,900
386000,900
387000,900
388000,900
389000,900
390000,901
391000,901
392000,901
393000,901
394000,901
395000,902
396000,902
397000,902
398000,902
399000,902
400000,902
401000,903
402000,903
403000,903
404000,903
405000,903
406000,903
407000,904
408000,904
409000,904
410000,904
411000,904
412000,905
413000,905
414000,905
415000,905
416000,905
417000,905
418000,906
419000,906
420000,906
421000,906
422000,906
423000,906
424000,907
425000,907
426000,907
427000,907
428000,907
429000,907
430000,908
431000,908
432000,908
433000,908
434000,908
435000,908
436000,908
437000,909
438000,909
439000,909
440000,909
441000,909
442000,909
443000,910
444000,910
445000,910
446000,910
447000,910
448000,910
449000,911
450000,911
451000,911
452000,911
453000,911
454000,911
455000,911
456000,912
457000,912
458000,912
459000,912
460000,912
461000,912
462000,913
463000,913
464000,913
465000,913
466000,913
467000,913
468000,913
469000,914
470000,914
471000,914
472000,914
473000,914
474000,914
475000,914
476000,915
477000,915
478000,915
479000,915
480000,915
481000,915
482000,915
483000,916
484000,916
485000,916
486000,916
487000,916
488000,916
489000,917
490000,917
491000,917
492000,917
493000,917
494000,917
495000,917
496000,918
497000,918
498000,918
499000,918
500000,918
501000,918
502000,918
503000,918
504000,919
505000,919
506000,919
507000,919
508000,919
509000,919
510000,919
511000,920
512000,920
513000,920
514000,920
515000,920
516000,920
517000,920
518000,921
519000,921
520000,921
521000,921
522000,921
523000,921
524000,921
525000,921
526000,922
527000,922
528000,922
529000,922
530000,922
531000,922
532000,922
533000,923
534000,923
535000,923
536000,923
537000,923
538000,923
539000,923
540000,923
541000,924
542000,924
543000,924
544000,924
545000,924
546000,924
547000,924
548000,924
549000,925
550000,925
551000,925
552000,925
553000,925
554000,925
555000,925
556000,925
557000,926
558000,926
559000,926
560000,926
561000,926
562000,926
563000,926
564000,926
565000,927
566000,927
567000,927
568000,927
569000,927
570000,927
571000,927
572000,927
573000,928
574000,928
575000,928
576000,928
577000,928
578000,928
579000,928
580000,928
581000,929
582000,929
583000,929
584000,929
585000,929
586000,929
587000,929
588000,929
589000,930
590000,930
591000,930
592000,930
593000,930
594000,930
595000,930
596000,930
597000,930
598000,931
599000,931
600000,931
601000,931
602000,931
603000,931
604000,931
605000,931
606000,932
607000,932
608000,932
609000,932
610000,932
611000,932
612000,932
613000,932
614000,932
615000,933
616000,933
617000,933
618000,933
619000,933
620000,933
621000,933
622000,933
623000,933
624000,934
625000,934
626000,934
627000,934
628000,934
629000,934
630000,934
631000,934
632000,934
633000,935
634000,935
635000,935
636000,935
637000,935
638000,935
639000,935
640000,935
641000,935
642000,936
643000,936
644000,936
645000,936
646000,936
647000,936
648000,936
649000,936
650000,936
651000,937
652000,937
653000,937
654000,937
655000,937
656000,937
657000,937
658000,937
659000,937
660000,937
661000,938
662000,938
663000,938
664000,938
665000,938
666000,938
667000,938
668000,938
669000,938
670000,939
671000,939
672000,939
673000,939
674000,939
675000,939
676000,939
677000,939
678000,939
679000,939
680000,940
681000,940
682000,940
683000,940
684000,940
685000,940
686000,940
687000,940
688000,940
689000,941
690000,941
691000,941
692000,941
693000,941
694000,941
695000,941
696000,941
697000,941
698000,941
699000,942
700000,942
701000,942
702000,942
703000,942
704000,942
705000,942
706000,942
707000,942
708000,942
709000,943
710000,943
711000,943
712000,943
713000,943
714000,943
715000,943
716000,943
717000,943
718000,943
719000,943
720000,944
721000,944
722000,944
723000,944
724000,944
725000,944
726000,944
727000,944
728000,944
729000,944
730000,945
731000,945
732000,945
733000,945
734000,945
735000,945
736000,945
737000,945
738000,945
739000,945
740000,946
741000,946
742000,946
743000,946
744000,946
745000,946
746000,946
747000,946
748000,946
749000,946
750000,946
751000,947
752000,947
753000,947
754000,947
755000,947
756000,947
757000,947
758000,947
759000,947
760000,947
761000,947
762000,948
763000,948
764000,948
765000,948
766000,948
767000,948
768000,948
769000,948
770000,948
771000,948
772000,948
773000,949
774000,949
775000,949
776000,949
777000,949
778000,949
779000,949
780000,949
781000,949
782000,949
783000,949
784000,950
785000,950
786000,950
787000,950
788000,950
789000,950
790000,950
791000,950
792000,950
793000,950
794000,950
795000,951
796000,951
797000,951
798000,951
799000,951
800000,951
801000,951
802000,951
803000,951
804000,951
805000,951
806000,951
807000,952
808000,952
809000,952
810000,952
811000,952
812000,952
813000,952
814000,952
815000,952
816000,952
817000,952
818000,953
819000,953
820000,953
821000,953
822000,953
823000,953
824000,953
825000,953
826000,953
827000,953
828000,953
829000,953
830000,954
831000,954
832000,954
833000,954
834000,954
835000,954
836000,954
837000,954
838000,954
839000,954
840000,954
841000,954
842000,955
843000,955
844000,955
845000,955
846000,955
847000,955
848000,955
849000,955
850000,955
851000,955
852000,955
853000,955
854000,956
855000,956
856000,956
857000,956
858000,956
859000,956
860000,956
861000,956
862000,956
863000,956
864000,956
865000,956
866000,957
867000,957
868000,957
869000,957
870000,957
871000,957
872000,957
873000,957
874000,957
875000,957
876000,957
877000,957
878000,957
879000,958
880000,958
881000,958
882000,958
883000,958
884000,958
885000,958
886000,958
887000,958
888000,958
889000,958
890000,958
891000,959
892000,959
893000,959
894000,959
895000,959
896000,959
897000,959
898000,959
899000,959
900000,959
901000,959
902000,959
903000,959
904000,960
905000,960
906000,960
907000,960
908000,960
909000,960
910000,960
911000,960
912000,960
913000,960
914000,960
915000,960
916000,960
917000,961
918000,961
919000,961
920000,961
921000,961
922000,961
923000,961
924000,961
925000,961
926000,961
927000,961
928000,961
929000,961
930000,962
931000,962
932000,962
933000,962
934000,962
935000,962
936000,962
937000,962
938000,962
939000,962
940000,962
941000,962
942000,962
943000,962
944000,963
945000,963
946000,963
947000,963
948000,963
949000,963
950000,963
951000,963
952000,963
953000,963
954000,963
955000,963
956000,963
957000,964
958000,964
959000,964
960000,964
961000,964
962000,964
963000,964
964000,964
965000,964
966000,964
967000,964
968000,964
969000,964
970000,964
971000,965
972000,965
973000,965
974000,965
975000,965
976000,965
977000,965
978000,965
979000,965
980000,965
981000,965
982000,965
983000,965
984000,965
985000,966
986000,966
987000,966
988000,966
989000,966
990000,966
991000,966
992000,966
993000,966
994000,966
995000,966
996000,966
997000,966
998000,966
999000,967
1000000,967
