22212
14482
65006
3972
95073
94004
24115
3221
73845
10789
69659
52278
6866
39659
68975
21915
99536
69015
78339
993
21314
25194
71707
39882
57091
81092
59210
38581
67246
22091
7318
81081
31821
91061
66168
82430
90506
77971
5663
58968
31649
48058
73108
41664
11830
30574
79159
7505
39843
10989
16073
33884
40714
75701
16707
59113
63529
8819
60580
12075
61547
26761
48488
10046
77210
75067
91155
71519
10611
69815
51117
56392
30802
29822
29607
36742
88044
50995
53755
34777
43452
64191
25938
48968
72021
2847
21344
4287
54070
67275
45545
66374
75227
29891
39911
23615
1680
94999
58819
89083
4448
74484
14721
92441
81740
81318
2456
41532
50744
20719
9790
39080
89791
65634
96131
67737
20166
34140
27828
98560
3598
87232
24704
60283
8195
941
74263
41456
8978
88735
77581
83078
23127
71230
4894
73344
28244
94342
73228
14422
63933
43796
94820
61009
18448
62890
69279
97507
48323
72256
29508
58273
6998
26567
83563
40607
36199
44571
7132
22278
94660
46852
75797
7476
73979
17449
20650
76208
26957
20882
82631
53352
21601
67704
44721
88585
7540
619
19179
41274
96910
863
97109
50902
3281
70260
45678
68164
11083
70241
76762
43828
84906
64925
76670
8760
54319
66473
64744
68029
33339
85693
6092
3461
64102
60782
19081
85059
24782
15896
92043
52594
71340
24366
83433
99569
13539
123
4942
98815
61458
25844
8789
53903
26505
11996
94125
10120
63224
92083
44572
54748
94370
77884
61856
74307
71536
42858
10737
22163
39010
40774
21378
79198
27745
3519
37670
23112
67248
99983
50607
81444
65185
710
66033
48650
47812
9910
67557
40823
63961
25082
746
53121
45799
92259
68262
94004
75941
56160
18443
98990
55349
66473
58324
53524
63921
55784
50990
33391
78877
96005
6740
61895
5916
74413
28562
72826
7359
10590
86731
16120
53368
14833
88822
45470
99789
84261
4611
23886
37895
69284
40860
903
7050
80212
55494
88326
20831
67900
42567
20985
92717
18000
15361
52923
15911
2236
37052
32882
29790
33225
75682
74913
67415
51919
72356
20777
53464
74679
31898
44675
38171
84970
17320
23955
40165
78140
35452
35562
93104
75087
78771
16378
79909
93990
84955
44694
90341
93607
17363
44582
43910
84939
10159
53476
61019
30213
3704
65942
87852
67948
22800
84936
82853
53895
75443
77701
22186
54676
47289
83058
80904
50581
88
19399
3687
98456
80774
13995
33148
14626
52060
29931
59002
39479
48790
49654
73096
8456
14262
77976
56910
36569
49641
53745
10921
23086
23649
17041
8926
15122
36770
81747
1739
29091
95672
89683
51289
70333
16997
6701
45454
65313
63961
32276
28799
84930
97786
23115
63970
40173
76099
59075
61281
68178
28776
68466
11530
21171
34167
34220
17124
99271
8346
45281
59997
7884
69273
21747
37854
15495
37853
2610
58112
79065
48527
95189
17239
92960
52895
53367
41804
21318
58561
67212
34153
15210
94033
82975
29294
31082
70935
50921
59072
28298
17094
11024
92769
65443
87390
30138
56859
78987
35185
88108
43285
604
85571
75875
2824
42628
76778
50190
59500
57225
3445
45830
77259
19799
24681
63820
95607
66887
8006
17693
81079
44397
50633
8020
42588
4926
18795
4732
4434
1756
87686
92976
2867
98720
81559
58834
19349
16675
20927
38180
66020
78089
46083
61894
7082
94090
33268
83180
97034
1598
43785
13467
29356
77477
91912
20929
19026
35312
39939
6926
50217
16303
20223
18674
66748
77624
74896
85812
67939
99537
66657
42765
64664
10234
89583
8575
69450
92154
30005
92469
37034
68292
54818
87000
3395
82597
39270
8106
89095
42765
27948
3267
80196
74008
68481
14406
88053
70264
71795
16832
30869
49729
74164
52220
54702
94032
74046
61573
80687
35417
75952
61785
67453
95852
61783
12871
56896
75522
91016
68485
58398
81450
74217
9168
22565
95019
80047
11968
29986
32149
30658
78567
7631
6664
38077
32103
34664
6656
13394
1965
37150
98876
47338
18254
31589
14250
35018
58588
82408
71728
50801
60708
11900
91033
34654
98984
92754
33467
71758
73780
582
84417
56931
74623
71029
71834
30944
11904
19819
668
81904
10922
67674
99894
55975
33862
26087
114
14145
33548
27166
3395
68582
54717
12741
64464
47695
11711
5102
50780
70658
99702
58951
53650
97400
32220
92683
42666
38752
91421
70363
29210
80925
29073
72647
29532
13514
26646
39814
4408
81694
27082
27238
27278
33195
86530
60669
42434
9088
59530
56542
84196
80398
48922
40487
99290
14151
63600
6806
84269
84386
41360
2972
3373
57179
71381
69514
72002
86392
29618
13448
87696
34471
50378
56517
10566
33218
61832
92168
60003
28917
42652
40452
7013
98550
67795
86283
34031
21490
94674
92441
39382
41225
34350
94833
38057
68560
41258
61382
66651
74484
7630
59695
55759
27166
18433
59421
85598
22290
95459
23849
85319
96337
70794
16166
38772
41119
1943
4086
33700
37119
42963
46809
59867
20218
4779
54688
60834
14078
98309
10175
21596
18819
89150
35040
903
44521
11970
82100
22827
32573
65095
70245
26850
42906
74599
94184
90564
83373
47000
55470
72814
47217
30089
89689
25454
28856
57275
69995
94829
67915
92601
185
24601
78280
29622
6719
10926
82219
19650
38286
68865
78216
71944
4864
16361
29972
19911
40556
47690
44355
49035
70773
82335
235
74376
77149
33091
87272
36722
19222
2716
22905
87163
57113
69125
55496
26218
56752
85655
36199
25652
71757
51827
6966
60890
11998
11342
69249
34015
760
3802
53125
27268
75792
67692
147
54466
31849
59087
67181
97860
64039
22981
54478
79710
88322
93973
57126
78637
61078
84662
53539
24717
71703
6486
74475
33169
34
5895
32870
98242
6255
63207
40440
64695
95299
65354
10156
16590
13505
24550
87948
32644
37440
99995
30509
43415
31416
90941
1447
83061
7638
799
24450
51744
19280
77406
66764
2177
19986
75527
96615
1605
84182
49382
30400
21016
33713
59660
23161
89309
5930
64444
82665
68264
9895
39058
39737
87032
22144
38640
13167
57684
22260
48551
99367
87905
99642
94718
61725
23549
47408
1474
39912
79035
35279
75978
24832
93339
36384
19974
60928
40037
11527
38308
8775
4674
57085
73502
82456
85016
37917
75395
32833
68704
17140
27264
20120
81317
81659
97067
22433
70267
69536
92460
62669
12537
45760
27817
36701
19316
40594
67276
36228
88090
80605
38931
59530
55496
49065
54867
14349
54024
93363
29130
42401
18699
98074
84736
70520
11519
46742
23417
47741
63789
15688
2330
40634
62226
69292
4373
81658
11703
58124
42834
29225
46927
78958
46460
36343
95724
12078
57030
18011
72383
64326
19032
41876
21002
25097
68250
75627
68515
32527
35675
18196
1160
31242
81598
15828
64058
41048
20418
20508
15224
84017
22669
96019
33624
90272
80468
7506
29155
95439
17866
43976
76750
25531
83394
60350
34577
1062
79746
40565
57382
96747
44774
84779
54496
93004
37454
25501
41094
98343
5638
59814
14986
65831
86928
36710
62250
9623
44623
60510
46274
23665
64050
99543
69035
87765
26396
97986
54068
95381
67500
83290
2972
90285
85806
36614
99145
15312
80509
64282
26729
62269
26803
52477
32610
84624
80334
64806
37176
51669
71201
20607
34555
90136
87860
52396
16873
14136
92953
53349
74823
46650
20045
41502
94648
21497
92838
93255
16119
17658
47295
21328
74423
95102
57981
23749
22965
14673
31325
19799
77462
86432
76445
34042
97475
86951
41699
83915
62461
50312
62510
32618
13086
33144
33079
9989
16654
29715
24675
59605
37662
83056
5736
30529
8325
4239
91545
62624
9557
7502
78608
62845
61305
87867
79287
1171
24045
39844
51924
42807
96026
4906
36302
27797
35757
89492
9440
31987
67570
46240
8537
39986
34386
76020
5548
30322
94982
50835
62619
73269
71479
23819
87228
17500
83316
75434
65509
84941
17999
81169
30265
77366
33877
5473
94511
25868
45319
40274
83003
55564
47161
51939
98203
80258
31079
67659
80800
89384
6895
6862
32567
10054
50767
8011
73939
42616
29980
55890
33497
25869
42908
95251
26568
55467
95681
92081
46882
19632
23394
14390
91996
93076
1495
53152
2910
36394
93008
40505
91735
54501
5267
67812
84032
17911
78609
57715
89387
15701
55364
54294
65320
14134
30727
48974
8051
12250
69970
68255
36894
16808
29456
41764
76247
63887
19103
88796
61525
71086
28323
45730
6180
82575
83783
62874
9611
94669
71025
35943
9590
68567
73121
28890
50469
64397
35206
65797
81776
49063
60637
38542
53845
52693
9127
98111
58432
89217
97989
72122
56662
25873
42706
43881
36573
94792
95102
37107
44779
5868
45283
14763
13162
78722
95910
95331
14789
2453
16011
30302
92690
80214
58133
21698
67676
48254
90329
32044
98315
53902
83805
96382
88530
72247
75539
63411
31029
65878
7564
65684
94453
54263
22139
90467
91738
33178
62183
63699
2076
85427
71500
72635
66765
98283
38830
15904
22662
22725
21723
23887
12749
52987
13468
26092
6976
72870
8440
24484
5569
924
11910
89183
22045
21939
45036
85010
24122
15300
59449
70417
97341
17451
80187
83489
11478
16171
56381
74186
99113
51630
84545
26828
86905
56170
58870
68553
3250
1631
51542
17056
12147
79997
3487
30010
46615
97923
9036
47869
34591
43938
82063
57534
49917
49824
29229
72499
43135
66072
28534
48230
21366
97566
93887
3302
69507
73440
63454
63672
7133
75720
69441
58699
33377
26815
20140
31752
86166
60172
66445
13352
51387
37497
87389
10431
38224
42070
47830
60951
9918
22359
65003
7800
17444
856
7977
322
57407
36674
42408
21341
14869
99365
5005
39400
11165
57765
70048
28718
43631
63185
95012
25622
27364
97582
55672
77497
36265
58418
29546
83311
52454
63148
25395
95842
21221
59329
28786
14372
78625
37138
93961
11709
20557
81209
39086
15292
67453
7826
80655
5710
55349
29047
61062
99053
48237
84867
9908
66448
54493
25176
8573
55776
31179
77787
1823
61098
46382
4445
23216
46192
3101
24245
43476
82875
25529
48905
15384
87467
46292
2252
72142
20686
47645
74913
8709
68303
19338
43485
8611
55334
96864
21643
75874
19054
72993
58313
11461
73555
35602
30063
39382
97962
31784
27504
25693
84315
5903
4633
19454
29721
27895
56086
84688
66706
90491
14996
62262
769
5391
23297
35068
78305
61445
52047
49295
35580
33756
87768
17561
68354
12326
35804
57943
40245
97077
92549
21785
1377
88929
45131
39222
35977
64024
35796
32170
82300
42914
76979
21997
37127
97840
81489
86512
93348
40865
14537
65270
89904
98321
30733
60397
90778
62494
4807
73129
6870
27159
38490
50907
9970
36580
53478
43155
65696
72781
46857
40463
82898
93608
64003
73118
59652
37089
80179
96277
93971
64424
69437
42765
96332
78162
35181
96568
67807
31437
48916
74206
24977
50597
29329
61848
76913
41707
6316
11016
25314
32712
3579
46771
91607
78814
14727
51612
70398
96887
50761
8703
979
40045
4558
85158
9749
99381
5722
84683
64405
50728
86377
58539
91242
19536
15760
19427
31426
93067
22017
14986
14963
70911
55693
83563
40112
77179
3300
10717
64439
19845
83193
32288
79943
56133
81537
21654
39918
35469
69945
12124
82720
323
85063
75908
81381
38605
43865
1681
29449
56696
53226
49581
45815
37861
80835
72586
85279
49169
10366
60627
47572
16991
85797
12911
7955
83268
48409
33810
90973
30446
65199
895
15205
98770
25653
22653
73125
75920
97714
28277
25579
91558
40459
64774
51633
88846
52033
21733
48714
20756
97496
54100
65432
69401
2707
39997
82427
50269
98619
25356
51556
1356
3998
87238
87815
59528
12084
85322
88015
50862
10749
16067
3243
97896
42791
98855
60262
35758
85547
48335
84597
9786
3606
34610
58825
59271
98054
83456
28228
72933
45322
75257
59208
98428
25292
65896
89835
95481
16427
79423
75591
67482
78368
47632
77902
67154
11362
47205
71898
56410
80069
36124
6946
98485
77501
61219
81417
37661
85217
16396
95921
4303
9419
66765
84589
77296
91644
73526
81203
40507
40219
59696
69232
42920
19166
3439
44022
64602
74561
10675
97297
90597
58291
89697
10583
48665
83345
26809
10941
52496
39178
3187
78470
6800
8417
34299
55350
43358
37681
2182
82693
29920
42923
38064
2640
65100
92090
19572
76841
62578
66024
1895
90190
79202
8633
35217
84215
77532
7669
75049
39113
98771
35684
85900
82568
11292
55249
19033
32553
77369
99057
37484
10885
38236
3197
42293
77833
27194
74842
61908
12490
6446
31610
27412
83031
51687
51356
4161
51815
45360
39310
23303
20464
63609
73522
74440
85721
14375
59807
9594
94024
84117
76318
8603
97877
4741
81877
65969
28384
42311
34657
25859
81022
84004
10012
45997
22606
44039
37534
30596
73417
3785
87359
67911
36376
38808
58202
31293
82560
97188
75022
7825
70264
2214
77406
64839
70267
67309
64952
88122
1465
51301
91155
50675
36040
7462
28817
37384
90743
32407
52292
44078
37731
68541
33677
80957
46947
32004
85087
45503
47710
64200
60130
61428
5533
6144
13300
27525
31098
20520
61066
57122
18775
61738
22516
77562
37228
49832
88670
8791
39352
26121
72914
49044
50648
42110
43547
54812
43606
79919
49349
32065
8025
21766
23072
7189
67706
18488
72291
37704
66487
25419
77134
89502
38048
45417
65607
5996
13134
93888
46534
68495
14323
63827
11084
61450
48269
40704
10894
52634
58741
89166
73616
57047
29492
58419
45484
32041
3444
48992
47409
30084
22516
32874
17672
2242
28022
17974
39314
75612
7666
4704
72590
49765
73646
83463
59063
33794
36645
3864
76105
61353
88643
48310
95140
69878
62547
83171
72361
73636
40239
9230
40577
15342
41399
7641
25757
25378
76702
26085
63704
13598
25085
43708
2457
1835
28970
80891
40117
21042
78052
44858
13009
14143
91717
67482
87013
43121
85722
98250
82427
75226
84719
19509
5463
8826
47779
78603
98641
31730
96731
84074
86045
74951
27891
91850
15884
16790
99630
73186
44651
49390
47374
12634
55753
64430
67295
72910
89847
6844
76878
78907
23176
98303
2424
95145
67063
67610
14429
28085
97831
97894
31347
52698
86309
48234
80374
67100
43466
5242
37277
50576
1406
29705
6088
81995
78486
98571
58773
78054
59262
35756
97234
54955
12145
69415
39117
37566
45381
72068
10792
21803
79108
45874
71912
63560
36692
3260
26828
94470
99832
24266
48506
20474
89072
88279
46357
71682
45756
16427
88299
9654
58430
34708
52043
50317
15452
68390
45587
8553
55845
32140
12680
26944
53483
37993
12511
5832
44398
4272
35544
43325
93914
88732
4458
18130
79207
24013
67193
52307
50302
99648
81188
61330
50075
75081
16891
7958
30925
87215
74798
56476
32059
9189
78465
40073
68097
97729
14236
9549
62903
99642
10174
80725
49331
18531
46513
94926
21445
35742
88024
22449
58048
62335
40133
67503
66233
78590
71464
52698
44711
93848
98882
42029
23403
89603
88312
83033
83465
51116
88290
69198
70132
77071
64995
59362
54695
65426
64499
91521
9072
8703
28919
3537
34823
62364
7250
90400
42876
4808
821
92236
59791
84916
371
52431
49561
45051
48016
96101
37960
97855
76215
85884
15111
26114
69417
21527
2011
97823
54643
86751
37834
52899
44569
21126
84055
22122
45103
23609
50536
51514
18599
74305
83497
8758
14084
62294
29897
60832
39533
46305
74049
31919
96093
47916
31541
19048
21815
70377
93363
79612
13558
47740
94169
35198
6691
37669
15251
62751
69088
96142
91681
24168
26913
61901
50455
79251
28794
1206
35167
14407
70707
82049
20953
91854
34937
62675
21730
64468
43534
26412
15570
54110
48448
73996
36671
14277
74775
4386
58048
31438
84328
7507
72076
1863
47239
15587
22784
41727
54009
33380
48671
9443
37095
73976
4467
82609
10830
10532
52722
62874
34932
31123
52317
9497
23349
8131
74274
32811
15259
1105
70561
56682
8524
95996
77259
25226
2461
44824
43942
29678
99365
27666
49741
39912
32044
14715
45908
37740
77474
17363
28458
34991
51596
54099
46007
65697
34168
7862
88613
99940
9042
91429
62490
84040
60944
23518
53827
77029
73672
66368
653
8148
33601
74230
55725
62539
54406
39453
88224
55027
375
49108
86700
84775
9882
30943
46149
38986
92719
51928
267
94501
7425
33171
63473
34173
43032
42699
63129
86637
89899
31694
54842
89669
39794
56994
69955
97407
80858
89043
94874
74361
59090
6683
90237
2452
28994
39244
62186
48168
84828
21757
81082
42178
25450
56942
2407
79739
32327
45945
74351
27158
90698
75959
52817
55125
17468
21804
6452
87864
17611
93937
45062
59860
35575
44828
26498
53196
35081
50638
78955
65775
21092
2585
12245
66254
1907
98123
68515
42711
17058
96763
26250
69138
39913
88815
53525
79864
30019
20488
67778
21291
67677
49707
30665
42487
81417
91308
34141
3939
85522
10233
33195
90707
65482
42080
99136
8509
78496
60510
32423
59589
31469
14117
99343
45208
65133
23113
15818
46498
35499
14152
17874
58220
77524
15284
84103
99605
69294
4510
38068
84876
73474
55648
16207
487
50932
13958
72190
25603
80243
89946
67223
17977
42508
82444
54848
51129
26297
56282
73973
32134
73399
85089
26280
26094
33877
896
60739
11396
74248
33285
44105
11131
67067
94231
19322
28737
94788
37216
24405
22901
15090
92212
74840
61063
75618
69410
33155
45227
95537
9718
3034
82298
73164
95336
87209
1253
36131
62373
33986
21494
88252
49783
94945
17093
45219
76500
60241
32947
64767
49408
67560
29191
89184
26304
18029
98051
40949
34749
69978
98690
35354
84368
90652
4560
51406
82768
11895
71909
89986
87029
8455
7200
31886
97096
98337
34557
20926
89385
48408
40306
44777
4732
59675
41548
45122
11153
21211
78720
78535
77647
90283
44240
35191
23517
66048
23709
61665
56685
14040
23940
58455
49445
16887
55798
17537
46378
69356
38263
42926
13003
31250
20307
4070
42503
51186
31224
79418
58685
60582
45012
25917
64526
83416
59340
11756
40817
98985
16373
85704
79987
15694
9555
48549
28008
84181
97612
55002
19730
44933
62280
50265
97229
32291
95144
95193
62197
86001
32255
33870
83829
41297
61201
17307
55117
90599
15047
55165
57279
77884
74476
59112
67190
29887
69608
8176
40403
6022
12470
14270
18773
26930
87555
39810
54628
17296
15270
75399
17947
86684
25686
49794
75472
43808
86509
72484
63648
59162
8471
4239
89052
84988
70166
3845
85386
65581
4182
75068
7162
31085
13032
10574
88166
99349
18557
53965
20356
3229
56385
89556
57963
61815
41105
96152
78944
28344
79130
19133
92
89015
60880
12901
95099
38094
11207
66147
5636
9374
594
1326
99568
72303
12214
13937
52121
74100
25417
30399
26528
13485
77804
25572
61403
81126
53795
44214
4857
4765
59053
21258
95571
80449
66692
53283
20946
96629
81491
90342
24599
60340
7791
97289
99274
72655
5843
31913
51266
27250
97180
55611
16525
4868
6045
98618
22046
56461
97312
14207
49489
97042
65818
20911
60667
43356
91786
87918
57042
46870
73902
48945
16470
59861
82625
81
27804
67314
4821
14940
1557
29235
75017
45925
35391
30152
10599
40571
96711
4976
55325
54040
57850
3932
60597
24368
24103
53067
88083
13225
58610
38933
24651
77833
7991
90948
20893
30667
345
82075
96974
4076
88135
83802
45604
68802
9225
68602
39517
52843
84141
38291
21709
90019
67496
5214
25106
97840
24459
55028
41109
41272
94564
17365
5376
47602
83758
90788
72822
40986
36854
79087
27604
66749
66762
60909
50946
38740
39040
24801
47189
29838
83073
48347
52484
24102
7600
31421
68357
42228
80379
30554
3012
30815
28989
70810
34943
58224
47309
30907
43329
13122
11910
38866
58777
73013
45492
71055
54582
18913
47128
64606
47329
45800
99032
35562
6135
5028
98886
44540
81186
79296
62859
11425
69235
94979
9680
58921
81726
88134
61577
10540
13201
54215
61887
73255
14610
79926
10392
17220
9781
3053
19652
1176
10999
97820
32199
84645
73881
45986
6942
16800
14972
29464
66160
24749
64566
74567
9363
91046
83695
13786
63351
17626
75867
55982
81811
56435
54355
38213
47850
53648
51410
64698
72825
69072
86057
75759
75616
99056
14687
81571
96395
2188
77321
21151
77020
50178
85410
33295
41271
98516
95463
50926
89802
72203
95089
17274
94006
56057
47824
56102
92702
40471
53313
70350
60587
64781
30828
39269
98265
17712
82108
22219
74946
91589
82747
57147
11685
58340
16842
6080
58227
76951
69498
2823
62678
930
45546
67727
28446
96893
29565
20029
25768
56125
64087
45516
25997
24369
18260
7266
56709
37511
70341
15230
32599
9710
2088
79822
67582
61623
76962
71132
77017
87573
60508
91848
49967
77667
92568
65137
67324
8260
89966
5229
28029
36422
37287
37369
26836
256
56181
1674
53241
19994
37645
85025
74525
26444
54338
7836
22683
31711
32255
85802
86270
28527
67777
18135
36169
64370
34639
99589
23367
56786
92278
61435
35152
87766
74629
79351
52084
97151
57922
70912
75431
38414
47080
63639
67369
97443
95326
8171
22481
76640
74836
82699
14229
16171
35260
34294
88280
32499
3299
69422
82353
57290
93867
68331
97716
98097
16454
19692
50976
99537
30929
53193
84068
72453
19211
2340
24462
886
65168
5053
27218
958
54358
82405
45427
83533
33027
96266
77553
84746
94985
27473
91951
91025
46208
69889
27327
16315
90462
924
98221
29403
84917
66729
27781
45253
83881
37004
90018
1577
32556
5976
79444
78237
55448
11739
46316
94392
4009
64823
47911
40923
56500
72112
85845
83786
78984
92929
46533
33208
95136
5193
90031
30113
52353
23395
60765
59024
13142
71092
98710
31361
63238
33790
66409
37505
11567
56849
25331
1585
21025
99552
23790
9706
69721
70193
52278
73146
13880
11854
91928
30860
4960
66937
61849
91206
83211
22141
34368
87436
67719
94143
28577
76738
40050
57651
21031
47566
82638
56459
83677
41052
92769
85258
82874
53467
10059
92087
86951
86500
13413
30317
21069
97083
46803
98511
67712
90543
1093
62073
75426
17531
40976
15986
49429
68335
52419
62749
99457
46056
18153
78990
67838
37403
49243
36377
31775
42738
16735
47815
8571
10125
43105
10946
54329
77514
28908
3312
14007
20767
64452
20828
56695
48419
20195
91183
31879
61228
53775
55358
11659
17332
51349
39837
12809
25109
39684
66513
64849
69171
4104
49731
9703
48921
83169
52817
7983
43675
73759
50910
24051
85946
25660
19914
84852
90439
6999
55420
15402
64287
43144
37499
50650
16980
95205
18876
87059
84972
79120
50454
76901
29890
53978
76305
99199
79051
55417
35229
74819
29523
58273
54143
55176
51718
11522
2502
49771
70154
91549
86716
6196
80489
59940
31384
69056
75981
69517
85424
60912
27044
38227
89675
73485
41411
30762
97045
18295
9511
99677
92876
63273
51254
84901
44695
48522
8996
65159
67382
40434
84882
18603
43988
34070
61681
55765
62777
25395
18787
97090
23420
76659
74370
34657
31958
87935
35643
75691
14865
46402
32818
96256
88128
4213
30185
31136
66984
45804
96859
45826
15356
71164
97634
72757
15974
4551
56056
61168
72129
24870
11995
45464
96772
94929
56682
98478
45433
43150
56524
11314
35019
78676
88400
76280
18493
94235
31598
78981
83128
38787
55340
57382
66269
74493
48893
8365
80216
26361
88325
29418
53813
80813
43287
74242
98573
88062
41407
40974
15928
54702
71451
72242
36998
97059
78628
72408
52009
26736
55723
20936
1866
38562
33630
63623
41308
73545
74217
62186
86862
70593
32601
93461
23129
88892
45437
9716
24121
78925
56389
30260
64153
29652
14156
27903
36519
42017
83090
61203
14150
94087
62914
82430
98435
91998
64659
87000
14047
86452
55017
28925
89002
34194
85275
48966
9521
50887
54351
41442
44174
44979
49922
19318
35230
21138
46148
37230
3313
81539
41855
94942
88218
39219
32728
84282
25701
67051
11439
75951
75816
90163
93409
86812
12306
71617
61421
99600
97697
16898
93939
62465
85648
14948
9783
99078
57132
64222
29477
73330
52648
13532
18735
6830
81703
83978
75442
7153
83542
54429
45207
86430
89948
54649
52949
539
5769
79842
60371
79337
23884
56994
93131
66085
61601
81683
68650
18394
9831
202
87252
31040
39824
45345
19077
58485
89777
35808
10162
96022
28537
3527
62606
86779
74815
1913
5193
94348
48116
16968
3890
71588
72823
51290
31613
2624
59623
91285
70399
32836
90387
80300
57238
57291
62989
45062
52966
75304
61246
40391
26206
30174
92851
56477
36569
40312
41140
82569
27681
47782
17077
10664
76205
68884
48134
76766
85003
76393
63141
32062
86297
49305
8884
43351
49549
11527
19876
66142
2005
58683
55952
28980
16729
71580
59783
3893
2460
60298
10945
30045
40449
16282
67154
47350
22185
65871
88701
63458
96859
33457
96544
32449
44925
52301
47597
40160
33919
16233
56504
29374
695
67874
75724
9788
24550
58660
64857
51297
12506
62789
37928
99655
26669
5278
35663
34885
27242
7303
62207
29146
52015
42446
54170
75123
11982
58708
81827
62681
43630
4804
16974
43578
86799
80593
19478
41490
60235
94795
53581
25494
80215
55357
45966
97884
42761
1830
39022
64234
91859
20305
70097
34362
91213
756
36761
71015
14641
86946
82202
70808
27264
43181
21704
99973
31714
72316
26322
28778
83307
18692
64744
42567
34584
76518
99863
67601
27097
28933
66517
75449
69609
3522
46039
99543
28952
60822
69889
49523
50378
89227
11349
25871
86295
46935
44876
41780
74419
90678
79299
71096
24905
65731
4973
97577
88193
34579
77862
28889
1953
88207
29703
42757
99791
78508
84053
7908
96276
22056
48084
57672
25883
96290
20282
17972
22137
90358
38558
1819
86375
15861
60654
47888
86155
13053
97888
15888
78613
15418
11008
22984
37573
27128
58345
78435
89097
20036
7311
86836
17604
40958
62840
75485
60331
94429
86315
3802
89161
78303
3200
37357
54466
99723
20567
73383
28916
17510
55333
79023
5465
91566
22377
50194
60425
76406
21181
70247
33181
14046
3080
95101
98030
19469
34288
7588
53308
62158
3533
3701
8106
57190
24952
31071
80423
89038
28226
8015
78728
49936
45217
57435
13744
45506
69637
7147
23569
30138
91337
76036
58316
8973
29157
17523
61013
49865
48769
25618
18994
41067
12899
40026
48994
76189
24745
71013
96410
80304
54610
33726
49066
24178
10359
37928
14303
16299
83704
18023
4866
77882
3856
66351
68381
80263
21034
18312
45597
3301
30893
1338
15826
66310
35859
89467
9012
154
5016
98578
64384
56774
72205
24263
63328
58909
34891
8937
88969
40286
79909
17947
50942
30441
6935
71388
44625
37311
5147
34545
88618
23957
54202
39602
42400
47636
63935
56558
94500
41905
79271
19131
93501
22468
15349
26526
16365
77607
14498
18451
34707
66061
79729
61178
14410
97564
88929
63390
34415
27240
25435
26435
82784
15886
22795
56747
14399
59114
876
93829
63317
46261
62812
95092
2932
5822
44943
87863
13621
63331
19487
46394
19456
63533
92448
48760
36842
92070
51890
8778
25465
81112
47056
87857
34211
20995
69541
4124
73172
30330
29982
14230
20365
91546
13594
87216
10282
40200
22846
78054
68060
17062
30886
11281
66325
56306
36310
80969
94179
87772
57102
70196
10931
40609
4220
44495
15959
73384
14571
55287
40738
62649
48441
79125
26319
12021
68838
94692
41506
64982
39688
22656
43878
36259
71260
60525
80278
976
86902
63809
51415
50992
794
49359
5410
59864
59780
63185
70080
24690
3873
56561
8333
65178
10496
45844
90335
68601
46243
57891
86560
70811
70607
83864
52343
82511
88419
95009
50342
36923
19750
54772
97964
9529
63737
41456
33545
36817
25291
81579
20130
49556
57227
88445
87739
62963
88568
43656
43265
58746
26485
96419
27498
96237
15224
98017
83
98333
52097
59075
1865
50310
39880
29943
59588
15336
74671
17770
6029
72545
58231
16305
1377
20227
14478
75920
96141
92183
24965
72806
29433
58285
49376
91573
59457
23231
67431
64401
36670
69665
3514
15717
16740
43175
9377
75900
54532
8180
45728
34322
49970
41881
54282
40504
99585
44914
58445
42302
18250
55001
19787
1152
93387
51462
40361
53168
53292
20324
36703
57980
3708
99152
17904
21787
72859
14832
96500
66489
64593
56654
54385
68732
8411
22832
425
58099
93030
7990
36172
61050
89363
21167
76717
47404
87099
9271
85267
32646
25548
977
13702
89652
70642
25117
3593
86522
88017
15671
86311
82625
30253
83820
1189
35932
81645
26585
90391
63798
1204
43138
69391
2073
51919
27627
64881
14781
21197
90615
19042
36908
68328
49690
89278
43278
17346
55101
95784
62774
77386
31502
31100
67912
26174
53857
10241
26437
33899
80648
29850
97941
53103
4554
68987
77871
67584
41251
24121
27624
3941
57143
62746
19253
70146
26868
17772
60223
21681
8611
88785
25347
86507
22058
29624
58114
64519
10626
56391
29132
41817
47184
9620
21668
65980
40291
69491
13104
72010
66729
39178
83839
5991
45517
70752
42103
29374
8721
80884
47834
46659
58084
46601
27316
70552
73696
27903
81028
11339
91714
37085
91076
12092
98247
83082
21527
70717
47296
16636
32239
14066
70418
18919
93943
98455
2412
15511
80355
89505
73222
15961
6515
61501
13650
31827
79934
12628
55298
16116
32096
92432
12630
18086
10882
37112
4191
9728
32515
86039
75765
76824
41696
6907
47474
46358
3237
16730
44233
13347
45584
89006
88390
44864
95198
31489
4228
339
26868
59428
6629
65309
300
19801
28369
60327
3706
70704
48174
55738
90554
55694
53559
81421
40761
79882
39517
68313
572
10194
28631
51337
87344
61930
12039
63469
62575
9012
71595
63342
40139
43083
46237
7356
22619
69225
10407
16866
32512
9193
39366
93403
56242
30695
3322
27550
45228
76867
79239
4917
75664
90660
67083
77228
31672
87705
26556
51876
55098
40571
9853
62375
12279
4014
11805
72982
86881
45734
37549
80157
29191
43494
13884
72040
96958
85604
1681
95472
43597
86249
3
66062
48533
44660
69400
37616
60219
26270
87032
61609
88852
60504
97742
48162
53836
50928
69115
40334
97778
18419
36790
50364
78180
63692
21860
56933
76722
10699
12912
8006
76689
84640
90631
34855
61951
80967
41874
93625
28462
49566
4433
5279
96304
51632
65649
21475
1565
38166
69802
7018
23971
92212
17911
84801
77354
52895
51282
72470
20770
21822
13739
55588
37228
97774
49765
29094
96963
7359
51950
57804
10085
45788
5625
74187
38817
39784
2650
61487
82911
29251
14205
56332
24710
16301
76323
35730
77774
51809
3386
96959
69635
29762
27191
61486
92850
38644
32595
76909
18707
58977
97471
35564
9363
16220
83174
25681
26749
89826
12702
81545
93061
96028
59241
14265
75793
76673
24238
20210
13284
43417
39408
59747
42536
61916
62056
98184
76246
48376
99043
70433
94373
57810
7866
24317
19854
95780
18218
80213
56248
70180
63696
7029
59108
69413
33251
693
73143
63670
39149
78310
29087
92009
95239
24615
90276
90639
65168
11223
18861
97982
70666
35525
74156
87284
84498
66212
67431
51669
11354
22746
53636
49648
69316
46040
35024
25729
95869
18499
19372
36239
55091
28784
51124
87861
149
61007
8397
99422
26470
25022
15243
23657
21725
93983
29884
34477
38364
42212
63157
69269
2954
81158
16374
99212
61871
34996
49148
42900
4876
58921
38916
12144
74997
80406
1591
93442
81644
14111
36054
72111
80539
58050
49187
57566
13550
9105
89353
96479
68842
21665
95210
34376
85134
56155
83619
73307
32517
89647
98845
23043
93476
41033
27091
56765
7590
75356
89851
13492
56162
31962
86227
85348
93605
69030
68778
61344
28498
41984
91848
68848
19667
63903
59578
53618
86810
13726
83230
63360
27864
67469
1447
21394
21849
16520
40302
61370
39834
70020
49493
1230
5897
91397
76121
25955
83512
63438
35796
67668
30845
89264
10443
51042
96072
66531
66299
52981
81217
96402
8379
32705
64926
51824
4942
70564
8319
45065
23943
5515
4998
96916
50777
50069
59702
79140
5242
76943
88679
96446
11444
59134
10914
98917
26312
66651
75519
27376
799
47224
37593
29757
23438
54561
20683
27390
4005
33150
47370
51378
65108
76212
49790
495
59226
29004
41885
8219
19212
12107
70022
87098
47263
91680
39799
83842
20754
33309
75820
36778
40666
23869
91541
78529
28395
98691
36210
66651
37792
29539
92813
5
62856
34746
46164
35834
85965
46903
92370
36686
52066
59261
14697
12583
30600
609
72719
80780
19229
47406
6146
69078
98594
94312
10504
18115
39975
73965
48263
52937
89301
59479
27806
2727
76119
93087
56926
72023
35142
29660
71113
5312
37936
88392
19973
79144
33380
36675
13917
90695
18525
34833
53429
18903
86153
28702
47111
72039
13044
81218
35423
81838
99190
53568
49071
14812
21877
37960
23984
96812
24856
11772
84822
30422
86762
19408
62574
24034
33671
3018
64791
46231
33222
2057
4474
54897
85507
57923
32903
28304
27784
9446
22509
84685
15767
31071
23510
39944
50967
95321
95933
38524
23416
86078
63341
95572
27492
20217
33687
26807
7845
2043
29775
78879
27181
65820
87108
34600
76549
73818
80058
58211
84438
24061
3334
79466
44974
89563
22533
62382
39567
78966
47481
40172
8154
55331
25633
65662
80723
91687
6612
18957
42705
19610
25594
62277
95140
5165
26919
51233
88323
82055
90805
30405
82066
31179
52541
90986
32749
66294
30673
20499
60211
94020
67129
20031
55921
40050
95432
18136
53545
61182
71962
86536
71040
17290
31916
55211
80289
70080
77752
61759
73169
2287
71052
9143
52048
19508
4838
36816
81992
49620
31918
38363
68470
8197
54928
29689
41682
20908
22836
80261
90876
8257
89148
36522
76197
45584
41593
38997
25591
16248
82250
79558
70562
71894
39123
66048
28420
9084
59798
78720
52852
27578
70320
2474
83628
12542
74034
53278
15952
90232
22874
47018
71007
88246
85294
39833
36437
83439
88789
85385
26490
94523
71570
28250
28267
95135
85886
74179
3779
12199
52160
23518
46661
53803
53739
25475
86921
48052
26804
51347
90337
85208
20015
90603
72102
67872
8805
39960
87364
62251
27636
20713
19263
50156
46083
63904
13184
14127
64576
17475
40256
1177
80409
42255
75087
83308
33747
9740
30113
90953
50090
78619
5687
97488
7749
36075
13733
91460
77525
1771
9669
69002
17706
53307
52504
11343
97138
40155
10324
41577
32015
82533
33358
4694
51796
18678
25509
92897
94076
45095
61641
34691
38854
1114
71878
15461
66961
39312
25969
12004
63312
27831
34957
33869
80138
13473
79802
18344
7922
59952
82556
82642
52221
47501
10755
61890
52933
34263
99036
38733
15225
20889
12147
30564
19806
97844
55619
91963
81127
20412
53244
83653
9580
65823
24048
76859
78826
24031
48122
45691
60791
17377
14699
49357
86016
71550
5939
3137
69537
33495
10152
13012
82208
28805
32181
45202
2406
31054
76354
28309
93947
62932
89564
69995
79581
14311
97954
9973
50236
16155
94795
42956
9238
60692
36630
33375
41130
12285
28464
55895
97147
56505
40764
90619
31971
58001
56578
72911
17
86571
82903
67415
96513
35868
81188
97402
6838
88788
94166
63810
78422
10327
21985
90623
90914
30988
30737
38571
26544
98447
10959
97352
19240
37505
41421
54758
65975
13695
17230
48513
24659
11632
52661
3238
7852
32407
42408
7830
96459
16873
71840
65924
69610
40728
45168
21688
34223
18286
34736
19126
32743
92181
89189
59192
59963
70579
3278
16344
64081
50100
4558
67882
21089
10239
24369
48358
17714
62250
26236
71139
21041
28394
76886
32927
86445
95682
39213
42011
58802
62428
28838
28419
85377
59446
2277
66572
69672
39380
24405
94134
98179
4788
89940
23440
7182
50462
67902
68826
57317
13529
2517
66054
89467
60155
23242
94232
16403
1529
3754
83693
87807
38716
34632
91639
21075
46325
15299
29222
68740
32423
1555
86723
16322
49282
31446
96406
35407
45616
22225
9863
63163
33704
78373
20641
10302
84513
50416
29522
97968
40800
97245
22608
99369
68210
201
21910
22192
61589
92851
83115
91458
71344
96159
74467
73762
42979
58758
479
64375
65626
70366
7056
87046
47355
58786
84953
9836
89118
13566
5170
50168
93692
53817
30857
28228
81952
44126
25539
59246
85307
76745
98720
37271
10292
9419
29628
34487
66812
21274
45809
96762
54974
64313
35578
68315
91061
47615
66963
77436
13177
66182
40732
59871
15729
54354
91484
37348
28108
3963
34434
19328
30859
69401
8999
73046
44502
66220
89135
56148
45774
35525
39919
31085
46242
39765
30440
79374
87068
41584
98769
83776
32979
26268
76275
68665
40611
45788
33645
88766
12889
43604
62232
15161
296
83000
87653
91731
10138
40853
68291
58063
49312
93884
90685
77955
98474
27974
28415
6387
17682
79177
82457
42732
91378
2422
49660
55866
15478
47307
9921
2662
18988
81468
3945
94607
60408
79865
26975
40291
58724
42491
71674
58139
82453
23537
97214
22897
98424
92034
79106
15806
52923
98846
35405
95220
40057
50566
76538
84629
30541
41268
97850
99311
59688
28519
24728
79860
28477
29551
4311
85786
4601
89650
10392
43819
54800
88505
10072
73770
17458
11195
44982
8931
48093
21315
44178
22221
91148
92480
25841
60544
64781
12649
25373
12909
90353
61579
43114
7102
27804
38928
77075
83434
99804
97230
69378
42773
22038
11113
10222
67330
82267
71398
5151
76758
59994
39309
21645
92331
69072
15929
43270
73453
40474
27936
85903
852
24779
8346
3362
14079
38457
98960
84597
35657
63729
68898
93595
62187
5291
67316
77444
78638
54072
20182
80800
26507
14839
31375
38081
9569
18888
85637
23101
80689
44728
77004
46482
14201
92570
425
93221
44492
83191
6369
29475
67563
40220
51107
42536
11458
84882
52430
90046
40545
66923
96992
46141
61269
65880
17725
39153
61123
82168
84920
62585
42720
29034
38081
25452
59824
83139
89003
47030
65721
23067
16472
98464
9763
76738
8804
109
60782
4657
55307
68768
47792
27322
91384
62907
76618
64353
3691
70595
12517
29380
84517
44543
67502
88406
38419
85215
40076
47081
93941
32602
3354
59305
3594
62863
83173
29062
13722
30797
13955
81514
1023
48206
5774
23881
45809
16702
46812
72981
19917
38809
57436
43441
62209
55378
38063
36766
88982
5201
71585
2417
64571
21556
90947
92005
23722
32918
21958
91853
38009
27692
69909
63874
69311
27020
63919
94522
19008
76905
44320
43738
64631
14649
43900
76130
96800
80343
17975
47462
98495
22756
92260
65502
10384
74249
85639
1459
80972
79127
16697
50969
93140
74096
45624
89692
48797
80254
59144
42099
8441
23840
48938
18034
73470
87590
24280
88379
45589
83282
70874
53556
59617
7070
85768
83027
57897
60988
13468
71862
78052
72984
95698
28944
39584
78746
7904
97182
99695
30312
43916
1879
20751
34088
71983
44001
44213
95779
98020
81665
30805
65510
94348
31466
83664
11713
25057
59767
61050
14194
35253
52083
76198
90844
91942
55989
94577
57328
80992
67786
35944
34766
9936
95819
13847
16709
39265
32557
40015
8374
61844
45975
44115
58231
82336
93453
89216
80339
33348
85515
86838
494
87461
26126
743
91943
50057
61197
41466
73142
61166
3621
32156
96340
78183
36817
23493
23962
36308
28664
45666
98210
34430
80641
7268
43146
67308
48993
88325
14647
644
39541
7314
70933
45537
55243
41689
92253
33389
78587
88112
22159
29180
90003
15423
22431
17286
1519
75980
94700
81534
90568
51394
19595
55859
17283
19996
24834
45666
22154
79443
62801
44758
47064
97634
18539
47742
95150
99922
43297
5705
69571
45095
95488
14976
5016
52998
92337
79199
71336
19905
6846
94386
49630
91585
7253
79785
64674
94863
64036
77272
5164
52415
66340
49869
95001
56825
77523
86734
33946
10181
90457
63918
43913
49202
51628
11180
68887
19171
41327
95913
92961
44024
64437
56836
94497
94708
31332
22131
39361
32208
95412
39264
37162
83835
80374
16893
67034
71084
97137
49094
57972
46150
72712
27218
98994
26854
66136
24405
20277
61804
15933
62645
56157
79620
40916
20775
35860
86256
40859
2502
67268
63796
57141
68463
17257
79069
86858
85723
36065
28718
26347
37050
69184
47593
83634
60873
57568
35511
25671
22511
32374
48052
29728
11002
38208
7194
6048
8785
97434
21128
45024
42133
38351
52910
88652
74425
73581
2744
28324
23995
63409
48693
69378
40030
81410
51618
37339
72773
54650
8536
97566
54254
59678
38671
45050
37801
87662
96717
14749
11732
34712
18096
1142
72788
50471
46803
54652
42962
54073
39552
1992
20431
84303
24338
21276
86534
68125
25862
50407
62908
73825
83710
12961
66790
53520
30833
33200
25752
38252
19507
6574
43269
30866
74652
73153
312
2543
36535
6474
92078
40563
96361
92569
10125
2046
47964
39741
94885
72758
22152
92282
27330
67291
64125
72627
8139
42866
27631
95175
65082
78461
10013
52663
94936
73259
49344
13157
46421
80684
18221
53369
69312
11613
14504
98141
71689
86690
1573
64264
42673
19569
68571
20824
65994
92619
30024
51896
96689
85734
72315
30049
54436
85861
64642
82525
80865
52393
75440
64423
77853
75392
94378
67341
83262
1628
56079
9207
23638
94943
28482
6146
62108
38002
94581
17157
94152
96757
17620
93685
26603
67664
80299
43780
68137
66152
76020
70852
95668
94286
42081
52841
99302
8081
62210
67116
78395
57780
6100
939
23464
65690
3751
65678
8796
36669
98314
72965
73969
35006
81556
67918
54735
36214
19537
58482
51774
24267
20648
57007
16645
47999
39462
99856
48164
88643
5513
88472
60394
5768
75690
93053
69716
34838
99975
5745
87235
25397
28684
78973
69817
22760
7998
51750
58031
35323
33955
27537
18742
23825
96466
6306
19176
73888
6099
76672
53066
33304
93650
11701
46561
68126
23013
39249
21229
58487
41207
54478
49734
19615
7792
13039
18130
51162
60419
94433
37857
57474
2677
83875
24165
11359
82981
22210
81713
86996
54588
41565
45164
13526
82257
60968
68626
5816
79033
37099
68424
71777
46570
11498
21241
25503
4619
82272
42962
90229
77914
17444
47639
12080
58649
28686
90720
45239
16726
65715
58675
99296
1333
73195
84159
96000
2780
29972
33330
96027
50746
47376
90936
8889
80245
32265
93808
74777
81712
79220
65965
84831
2421
66547
14598
46248
92132
35061
44538
73023
72920
25656
92004
35305
74770
52431
51542
17466
90213
75742
821
33258
18557
68418
32721
22242
25740
52494
67103
40240
23987
75727
29365
58267
64137
68305
84802
12592
62635
77595
35720
80794
78816
63510
54134
30192
92968
87339
74918
48745
16032
89673
73647
15659
92885
38182
28904
97440
15587
90685
89370
68266
9704
81814
66209
90445
41130
51107
47839
60490
81249
93286
70813
23629
16898
25456
51646
50332
87017
23172
6978
75344
39203
54938
99796
91136
44789
22144
68336
18360
52621
70587
46325
57449
63555
42219
45218
3673
28075
88876
66577
19675
99545
48249
11661
95354
43409
28939
56561
14576
44747
11871
64478
71059
66144
13845
22808
17646
17843
47124
42494
58797
33855
23660
83204
70545
50040
47027
83054
6692
64736
29425
70188
92807
19818
39511
69869
61191
13091
16490
80065
85135
98337
31966
40111
726
10539
86973
29583
87033
61187
20967
9957
77091
71596
13363
89210
61768
34492
79955
82137
95377
4383
56181
52259
58610
79173
69926
51280
15224
35593
84050
79555
61086
34143
18950
74376
52446
45754
36855
57836
93860
92887
47195
16409
86366
95145
37556
18893
51824
49794
82605
99382
64517
76538
71037
64876
80223
69439
36137
28778
31567
38106
43846
20683
59712
44537
78748
83997
64366
89791
83430
88677
35092
70020
9173
62927
42211
67978
34484
57679
51023
63453
3559
7801
72482
6022
79757
36025
76948
109
62628
32400
9554
59656
27179
72717
96699
20196
78946
1283
13642
33806
62158
80588
23950
70815
186
46138
26101
3746
3351
6101
50246
52259
98019
58199
2510
42678
25544
99328
1203
46145
12347
67766
12612
69863
89061
9852
6993
84402
55838
49902
18199
19517
21333
72183
79892
1755
39372
13967
77080
63174
93888
10068
88924
59048
30535
48195
60525
98335
14482
10611
9696
87889
92466
19119
46442
33837
52758
96782
46279
49561
82866
68081
98776
92861
90972
26360
52906
82156
48048
76897
21073
49770
26868
77118
27348
24350
26389
74993
84033
10805
69008
31527
59937
35824
73197
11503
71142
52460
7141
45622
51361
33964
54884
928
55665
73861
9161
92292
56630
2758
48363
65636
30211
51841
99958
18600
45041
16506
42419
62774
24048
29580
7845
30832
82712
274
81616
10379
81566
65177
9332
6151
81155
49823
1111
7471
87494
2727
5504
43407
52122
98269
71391
97133
47090
19808
91819
81606
43480
71249
53796
71942
52541
32343
21270
69058
94379
93132
94079
94838
72566
79111
21927
12950
80112
2502
79310
83987
42940
2168
70949
16845
56827
73797
36626
86991
6338
71579
35190
55884
91213
44214
45771
3123
75628
28586
87303
68145
5243
90864
3646
37444
56112
9739
93892
82200
42382
77366
65967
71232
12598
32300
23098
27026
87837
30771
89958
68351
84632
31333
20924
84973
6036
23869
33966
46547
41474
24859
68763
15409
33167
15092
18801
39434
96018
80601
21292
12543
31103
35937
94973
12553
88376
29046
86822
47986
97635
30393
84129
24464
20983
81907
5600
88799
32400
59258
91504
28058
2978
95356
83959
34230
13258
23498
53532
70651
45471
20100
2661
23040
80200
52509
6779
57538
13991
33259
88587
55360
25907
87405
79302
27734
59811
1529
62663
4948
35750
28033
90228
98619
22352
83329
23646
89076
61839
83720
81411
3212
34876
66401
59731
93295
20492
92765
82543
22208
82854
39806
51629
51602
78415
19618
55288
94342
47937
10378
42805
41410
93978
55783
44992
38698
85201
22304
43509
59134
71107
43105
17514
60592
13451
228
99961
87840
68177
14613
70492
25558
30841
35492
52017
99898
72892
78700
78493
92499
41780
88923
8685
33531
5808
90110
73911
40732
87303
2571
19263
60746
90762
63210
95157
98811
21010
5888
13628
39303
74105
12921
46342
80760
25508
22353
91898
94158
91869
69440
58488
33586
48352
20544
44307
10549
61707
93308
45341
51748
79960
93974
59041
40330
23975
50165
68585
33858
86452
76554
43519
42871
51785
17277
16881
66491
64652
98969
19182
19456
89944
32016
83212
86102
27401
22284
89676
66338
913
8020
40822
32439
73576
30327
29342
30579
26688
84376
65192
17561
67126
11285
74727
78726
29700
53782
75841
82
40500
43503
31694
64901
22447
30994
72735
36020
76404
1780
17404
23383
10852
5018
2854
58152
30617
66464
56507
46329
4887
44197
10871
94290
16795
60087
62455
80359
37072
90678
99161
92690
62304
85576
89408
45202
10311
90969
27988
37247
78596
33132
1894
968
81865
40450
84177
34443
87889
45989
88923
58160
66161
49074
53946
38819
47303
75170
63572
78029
26511
15315
12671
88046
44565
49047
84104
54521
64708
87993
83599
26731
33853
11783
77646
43881
4323
60608
81882
56437
11571
58012
52995
56620
49106
58290
98710
25952
31422
93898
89825
40941
48358
11296
48214
66874
37302
67281
13321
111
93162
87654
4756
62381
32483
42810
59322
88045
35512
81577
36551
82745
54532
41047
53494
96065
94429
42009
84717
63068
17637
46180
81155
25372
14745
17905
37602
69483
54663
138
44456
17287
32732
38932
53575
7384
99291
24568
50923
86666
29034
1936
21884
85900
77223
55786
16729
74403
24727
93468
75685
54443
53407
40708
670
7052
75084
73370
29607
49429
29228
25334
37864
25815
66559
49303
52332
22880
13256
69527
31208
56947
13854
88456
77339
84641
34368
72330
12688
63526
67845
26029
81568
46722
20368
10238
15125
84914
21538
87568
77481
29002
64650
80584
70798
75186
67479
64676
79719
88794
77359
14792
97394
85435
54104
96743
82217
50828
98195
28171
34462
57405
70664
62338
17284
73460
76124
37605
844
50850
36736
67749
35053
85792
81284
98356
7773
60235
23112
79630
16796
83962
51442
40898
34160
25016
9467
46625
76522
34690
27332
49697
74887
87230
5543
93870
82035
26102
44456
71598
15016
52848
2282
57359
35925
8363
76510
40464
69882
91064
71670
3433
40431
10770
16983
96631
39043
79452
58093
65192
35842
79158
54008
58911
78704
88795
70948
14341
9875
96986
75639
58156
25133
51183
71524
93281
99494
97470
59804
23374
1480
88011
21124
7305
33732
11800
53953
61052
44210
14172
87376
4721
43957
36189
2450
47450
71805
84106
97317
23515
2502
94071
73422
43189
40286
88117
97457
59823
23844
72877
20739
79842
19468
10809
77207
76514
78559
16512
18773
869
23551
56492
29033
8113
37703
72170
92887
33926
84241
68061
99948
21220
20722
13215
43055
43546
33312
34293
28663
61133
67091
91117
22678
76674
90761
29143
22067
9128
63140
92509
14229
28517
81678
69248
16763
155
14973
42609
58505
3030
1265
9353
35229
71765
90841
82182
20448
4082
95606
28514
25784
6704
99256
66961
27513
17856
12484
29271
69052
54192
6359
81571
13320
71952
44612
99404
82540
9955
47673
4967
15310
82687
57184
38210
22142
27744
18785
60320
56964
39215
33733
16242
62393
66250
97301
25966
13393
38417
34817
45710
17205
82092
46204
20135
91407
12444
48708
65476
11966
2845
41472
35359
77642
50132
73603
48348
48849
36827
51853
46434
1696
46118
51536
43095
48285
70385
39631
40599
39841
16360
37507
92496
47299
90578
63127
79132
26767
35963
98579
19932
70966
92509
53335
99758
93887
25098
91421
69419
79163
44409
1024
38560
6678
522
4860
99910
682
80664
43755
99328
89517
26266
98094
72337
72298
26613
82029
39223
94989
81506
5013
68648
24248
29879
84768
8935
78803
77461
63571
22851
60448
77358
74432
73004
78636
91440
39884
73747
72450
21779
88939
77534
59258
25434
64743
36292
7342
80361
94688
67147
82700
23140
61069
63451
10632
23200
2048
35454
47785
3753
55976
44407
64100
58222
5968
27869
4614
54860
75141
12082
97418
1366
98388
37604
56682
50878
37138
66623
79699
93123
42581
27468
40433
34518
12640
68075
39081
49322
15804
23208
13158
20025
63969
57437
78410
16877
96948
24068
73190
30002
65258
14967
39878
55477
39115
65446
49859
97912
51986
81236
76476
86453
87440
46383
76831
28620
69073
17322
79968
47115
34742
46425
53484
5337
33153
49320
83064
65344
49136
25431
69586
81845
39200
89430
42937
85444
63090
56313
38889
58652
9291
61305
12174
72533
42198
78215
90106
89402
55428
62221
58801
36694
49812
28515
92065
59711
63021
62123
10608
20986
29064
34410
35533
11625
74954
79011
70376
51224
18927
82321
27710
60352
54179
80352
54125
3957
22377
54793
88006
91251
73982
75689
25056
18880
39672
73916
79272
34717
82313
70107
38614
74638
76543
37808
48316
900
61293
24721
58040
56132
70244
43873
37960
45398
50427
25694
98589
2891
92463
6696
67047
57515
91011
47952
10896
2363
88360
28952
73382
91112
7127
38732
17872
43602
40699
64477
84705
76280
14221
33846
44266
57244
33623
55613
4810
85746
89434
21352
22977
13290
32714
88
92834
79800
47286
55063
97703
9212
95334
88394
86878
61811
87134
72403
16800
82138
60191
76677
55010
93273
15085
96516
28101
79764
59723
96153
80265
22665
60065
92368
70494
83431
31776
27182
6938
54316
12092
49874
37895
8088
44888
14694
49492
29331
18176
56290
34603
62360
7439
57053
34595
20669
1489
10129
70060
77184
11971
26922
3975
39023
72183
81547
80088
53268
1619
14173
53108
48187
42713
99060
51861
62274
84289
1025
5900
21148
59330
23373
61461
14529
58799
27385
18342
96854
30814
86127
73506
95412
10437
42084
97866
75128
20925
91245
95987
90342
3817
99162
11795
82811
40271
67763
29236
85294
28580
16174
8139
37761
32711
48266
62178
66666
10499
64844
90833
3033
94648
30035
57644
78917
4084
85690
60982
26167
71962
24745
57139
14162
10724
92952
88602
28926
9157
88642
58122
27696
92359
42305
13748
82327
78675
15308
19446
63686
71472
970
81095
71897
9602
52913
92878
68261
8211
36384
86253
17793
40336
21877
17179
49003
96234
62668
76464
20632
61853
45844
38521
58844
62669
61871
27691
6642
93771
80743
67860
67625
38424
98024
4141
51563
89857
57949
46027
72362
70280
90155
81269
79657
21091
28804
9712
19909
12382
59881
55382
13823
61947
5023
58310
59751
15226
17260
82708
75045
22195
92814
56737
88327
58496
28185
19781
68482
45144
58475
6153
12007
68214
43342
76369
27909
13496
92873
76822
7924
60931
93571
84146
61669
30788
80277
71668
76323
24593
57963
79796
8197
48238
73239
50849
11572
12524
60945
9045
78324
62348
69231
106
76464
88033
10173
67558
33062
64339
7994
28433
13932
36351
45710
44071
54654
88540
61611
38153
5670
32152
58592
18062
85030
60481
20116
45495
23076
67648
71589
20704
85011
79840
98237
6931
31226
79245
55021
66870
44003
72119
3305
30308
85506
59989
13440
42010
59424
95366
79318
80583
4451
91666
71583
84710
84315
80495
75994
50313
15468
64993
57864
17163
62195
8953
26376
80231
89783
97117
91889
34727
15598
43016
33323
4661
48585
54824
28458
99981
20284
92422
45224
72755
32174
38051
21821
32513
20889
14237
82782
5657
5599
47761
75855
41401
61130
84666
87590
16556
36541
49751
33214
88924
6908
73163
74900
79526
4052
62366
70306
85830
28713
26625
63574
25841
187
21167
50414
53890
23380
35247
83570
69612
20368
20629
4173
48686
53673
28840
89609
99044
81055
33918
73191
44666
1248
51876
11192
65212
29145
30938
22267
46856
88217
58875
55252
24741
4670
75386
33092
73293
68223
41479
13195
66502
25589
497
56279
10286
10759
91718
98823
7220
96113
77590
85824
45700
66031
72950
89739
12218
92811
80704
55754
20952
14497
86871
82453
61234
83564
21480
98710
70791
26255
42060
68412
42506
70530
426
41248
16542
34230
7865
67570
63680
36199
51107
90206
30270
28797
83270
31073
30822
61439
40084
90018
30585
10837
6106
19407
82494
71960
73469
89653
89362
63704
17664
34107
82781
79273
52098
89020
48161
73195
63077
40031
99756
25333
21513
99701
86284
29502
23127
98862
59426
31111
26202
78456
21583
49864
32615
74485
72875
99669
41309
55063
75284
6701
96359
3579
50147
57759
79711
22208
50651
44698
24781
53378
58075
39759
24588
52823
23059
90885
89390
67749
92691
4953
78486
8607
35710
46895
11075
9306
65533
87257
40428
51376
83985
25603
33894
91344
21760
76569
12387
43327
58736
20662
83413
50223
79506
29194
61809
60730
68758
28614
53902
85436
25724
60519
87244
23083
11691
52221
57617
58292
54618
49655
80750
93906
86283
99182
60385
21773
27224
24106
31668
68589
56613
37396
93762
17146
61589
96441
84186
7474
33465
14103
53788
19877
43587
45927
59040
90673
20025
87816
566
28853
53636
132
77031
15764
56456
35105
82395
8360
21166
68230
39284
79007
73725
36775
21624
20055
50408
17455
31852
10258
61473
42506
93595
96950
6730
51564
93398
31076
73420
37569
55893
67442
21696
43602
24220
94151
60683
1105
84120
12595
71720
84513
94601
30633
30845
29988
28794
16569
38542
21667
78763
5422
87568
89876
95440
55937
49046
74059
45362
73464
23848
47359
35187
40831
52274
37591
43183
16705
45561
43249
65726
24291
34407
80367
55989
69533
21671
62143
28781
79702
10925
7078
67739
23355
29708
55368
62878
66555
59275
8662
1272
85026
69810
93108
4691
50544
62558
58886
75109
98870
57812
87862
82670
39756
9234
51205
57278
36722
95681
46604
11668
31265
82311
21293
30497
7372
83801
94491
12906
43672
69357
64706
22156
82390
46445
11509
44154
11577
96264
21491
62626
75897
31362
43124
5838
8578
13996
48821
90023
94169
78382
16542
43475
24941
31713
26381
83551
7062
44185
21057
34264
72620
95327
11364
83986
31270
60445
82389
20268
96974
59731
16626
46891
60350
40198
82431
48066
47449
60920
49109
68019
77256
5395
82698
14544
98831
12094
74936
9114
9932
69618
63693
15755
19627
70695
46479
20143
29001
60647
71849
81932
30339
38788
54967
33154
76121
2245
16746
11469
57189
80347
79160
83176
15474
12178
4579
15244
32379
57028
59300
11863
4130
11431
96724
17223
32713
77639
77463
75205
89744
590
43397
15390
46092
32543
63638
74188
7008
79842
10346
84820
35738
82329
49362
27273
79564
55825
4350
42478
72774
77077
37380
77048
24749
72733
19946
26897
62298
74467
76208
62841
65425
34870
31741
23079
12124
98759
83556
38542
38148
65825
69202
12667
14476
97974
22871
86842
15145
8852
92271
49847
94658
24214
44204
37186
49440
24119
65602
45037
88626
86305
29710
67727
51104
96771
68228
45995
3849
85346
8947
94762
46619
33510
60183
47204
90510
91413
91964
38526
51838
99517
69417
14158
51332
76779
83856
7386
79503
21497
37905
37598
68900
8387
48358
33324
75119
71322
99758
26125
7941
40722
90745
33286
33944
6870
48173
53654
13110
69755
77299
15675
47934
75090
23713
9109
41023
90583
23493
12898
99215
80423
45162
48905
9478
7182
746
97458
77461
33278
26641
45106
61125
57468
98505
35108
91408
90836
82248
16627
35286
47308
79346
44596
79741
13526
54187
80848
28169
90688
51389
85312
57108
83365
31747
51633
37642
48582
9936
77286
34531
67955
3103
53885
414
29443
15384
63658
39990
23684
68955
34591
52227
4012
72844
1101
15536
39854
55835
63428
99893
11080
67886
83670
27377
78072
51726
4858
51269
58511
90699
18413
8623
51326
87565
27667
17570
27725
40696
34266
37694
91435
39930
13439
2994
36511
88021
34826
81355
56380
98116
47061
77494
7732
58603
67882
71226
76164
11519
362
51723
61548
29967
46217
78381
386
39214
62807
88550
86236
7294
43322
59613
78795
77691
13559
62837
50600
80129
17615
15168
63142
98650
742
77602
21447
2440
13407
31171
42827
34091
33346
1808
68323
30288
12160
71952
99139
82583
15342
76350
59029
73823
38540
14567
14827
82928
32490
78657
11724
5860
23200
61957
43120
88659
82267
46571
95847
74425
61880
61761
33907
61350
94121
3432
71734
72579
93236
54092
42021
49244
30523
41533
85372
84622
67158
16238
24332
50926
90140
62378
91567
4435
14593
55278
82972
10081
37209
44550
94198
70771
31259
36648
11519
61732
86081
14791
61129
31194
86411
95829
22125
5744
99523
58873
77429
84383
99835
56297
72083
24072
47698
29347
1621
18272
81014
41614
78672
49720
99748
84552
7865
75944
90827
14091
23411
55864
28174
54561
28962
6411
72551
79840
36862
25960
54313
25317
33987
33158
45055
84841
80069
33363
30992
43714
55553
85633
98883
42169
62191
43438
703
6723
78068
53838
34091
76926
55187
18487
87445
96554
93507
7337
42638
94049
20188
82392
75250
74068
56651
30839
61253
74596
53926
3427
87545
23290
7865
3657
40460
4611
74718
15477
42831
23980
25610
95416
14657
63670
86532
45621
43225
16789
48658
21416
77123
71627
77804
96339
36833
14588
93969
70919
55667
59725
49688
28299
80786
4222
64735
50796
24790
8610
79167
51361
17911
33655
12161
75994
59856
41382
51113
65285
65055
81976
80721
16124
18377
55698
79729
10798
13339
25871
89913
21960
48204
23801
98785
25184
99710
16100
7640
77758
34531
83335
55704
27944
72860
53335
74907
1704
71260
4258
49543
48060
40491
55813
24868
29145
81830
43147
39503
71293
42756
44834
5575
54704
40276
62395
40644
11798
76770
62142
56455
39604
20376
73096
16428
56892
70465
4482
9117
30998
62697
44799
66017
8365
14752
14002
43313
21556
11133
20425
38186
25651
83295
57034
32638
31474
79471
47656
80837
61696
33793
29954
8850
14592
26073
16824
86720
3569
79019
5771
25963
38169
88922
68944
88954
42061
82146
11665
92186
54079
37426
76576
12967
86437
42672
98841
47363
55682
98368
49267
54953
97651
87072
74658
90235
47832
66443
59340
91287
33820
42109
94085
90952
64483
44501
34730
69913
36528
54742
8535
73668
60944
13448
26501
25161
77734
69149
63844
67034
18228
98253
53616
3539
32195
47778
30707
76231
65327
73168
60119
70389
5329
26364
57126
68441
47818
2397
31136
82719
33417
99168
28312
64243
10330
55525
46028
80244
93644
46151
16926
3527
22236
88729
61364
50887
93379
48844
63369
11225
27289
15597
66541
20894
19588
299
28256
66882
23553
57366
18822
8306
82126
85251
61320
91723
66193
11340
62503
70668
57481
1492
99997
1101
66319
8712
66866
96777
83240
16225
65240
30263
37386
7
50051
65623
83848
40175
56488
20967
34780
23524
58225
34229
9456
900
34043
22991
16553
62625
62860
25430
43633
18280
76212
83889
30080
50494
59391
42878
39717
32038
92435
64451
73014
47648
94221
78339
35570
99660
9779
76396
64719
7787
48597
45292
134
15302
71012
2404
88695
10248
4367
33365
83769
95014
49495
25975
28834
83423
62798
17641
58320
94911
31344
13218
89746
18557
23709
26342
7670
93924
15091
11540
80335
99119
72644
32636
9858
39182
92761
46190
30829
41381
91907
67534
84757
89139
40793
29283
88811
29712
78771
86798
41147
3023
33986
88
79504
44963
72554
97636
76391
90942
84605
41604
28974
35540
70356
41096
36377
98783
85997
9521
78785
28124
27132
38051
32825
42482
70447
40409
60750
7155
32035
7634
69178
3546
87708
13545
84678
26804
58757
29346
13498
88284
45988
14400
64450
72479
47353
35028
41342
94334
11731
5808
41990
93745
54959
95066
22008
12168
33774
91612
66560
7629
73841
56280
49090
28293
53492
96824
69735
73334
96324
38947
88386
80771
24222
3084
7902
92402
99846
36997
48422
35758
3873
49617
3408
75784
51119
43830
72615
75864
95336
15345
4499
75202
83666
82436
23591
48596
18460
24682
94055
88588
17370
38508
43700
11734
27486
55916
23638
34034
23183
17630
57605
30164
18345
37334
28083
24069
21521
24380
90329
80871
12914
31996
52829
36374
82009
18874
32381
81802
53481
41667
95099
33753
95196
69983
740
82425
33655
12163
44222
95555
84169
25635
66574
48467
76448
80388
65508
77356
77256
88846
80739
83897
31104
11169
81041
97229
88570
32831
24055
66060
66735
9383
40085
88131
61085
88930
56614
45042
84639
40438
12427
41034
48039
67096
46646
56368
40506
47294
24117
44065
54120
27027
4505
14545
33542
57123
10499
92716
9770
70550
18634
55901
31555
95130
37067
83212
58546
36568
78477
86594
10248
26825
37839
15433
32734
26818
5649
44591
67403
5418
63516
92457
75078
53100
4303
563
84888
49511
49959
2837
89884
39939
35497
578
6454
18591
45327
69946
3854
60262
71278
98287
78152
67199
86688
42725
36065
6243
21714
7123
27111
6154
71404
30438
73589
11678
8888
80324
15082
93809
29553
20973
71397
20971
73833
94142
14975
94619
16247
61008
84037
38702
28124
33853
7953
62174
39152
20002
88292
66946
16846
65888
99106
53475
5401
60221
59881
92174
54217
62600
24175
23269
26005
70873
20856
81489
91198
57334
52305
79346
47958
18834
50476
4566
68620
4335
76760
47048
41525
25509
63132
43520
64921
61659
19312
81305
8887
71666
97143
27903
50869
55330
64029
32583
53608
28603
98538
35225
1884
76749
80640
46984
19520
4195
58742
41058
43474
78186
88881
9922
64227
22672
65116
62051
75942
42344
52100
97903
22554
46954
6195
58230
70417
74390
75175
59290
13724
25881
8077
25351
87862
6632
73343
55488
91722
39721
58776
24980
28961
50514
4304
42928
18188
12649
69721
58798
10954
99274
12820
22731
17142
67463
61840
55318
7025
74185
98656
62307
75463
21877
89912
79168
82369
95242
44068
6431
83622
62887
14949
74514
85774
52234
96713
97973
95333
99218
12805
6341
9689
84518
51858
8559
76608
82926
83106
28387
27176
89055
59389
86566
82172
76533
80220
59399
98768
59384
10209
28329
35850
63137
38097
96351
75021
28374
72176
63031
83779
51249
47287
58189
48870
27135
3700
19584
49643
33732
2590
81889
96523
14747
44626
37351
72751
8699
28143
17440
62872
47030
23084
39714
31401
41179
54993
4832
71313
38043
99128
69976
21593
44808
63585
80713
25830
12217
79276
13025
683
907
42263
31060
23790
82466
66516
91690
43253
37549
29445
43215
59725
15399
65143
48238
84951
68761
472
3959
67599
74492
99031
26749
63643
70141
48375
70845
29388
60762
76143
27672
83988
43849
2977
36801
67332
56631
54357
86738
94368
76109
69393
67929
85730
33615
17687
15056
28040
21567
97947
59658
26139
74142
1151
66601
81341
83698
52397
81229
30382
70435
64657
41319
95194
47488
11377
83467
11586
59807
65545
94276
15430
8065
45607
79777
25932
46099
59136
89837
57104
12593
33645
69501
72169
94757
3302
32354
95603
92333
16697
27358
77693
42715
57382
51507
80529
8150
96858
8695
84156
88637
26214
74084
37946
18572
87548
92556
7711
80663
82854
41865
11972
96755
29922
71730
15468
17172
65886
65162
26353
33489
56972
20403
83120
34436
5442
27040
10926
63437
74993
27080
95621
53174
54079
27893
11184
37265
19491
8988
46927
50046
14717
12712
71926
77865
14191
33519
81912
30640
30140
79238
55116
18369
88124
14736
40665
15842
45401
97265
8132
40683
61001
4002
54578
60045
98408
48573
78108
6358
38385
8023
84943
12620
66584
99597
25628
3191
90696
80407
7523
76316
67796
37306
7926
56643
76092
64794
73037
67514
3902
95788
4902
36850
75222
39657
19863
20903
76660
73662
26194
42686
51545
21184
50803
79367
38573
42078
11433
93089
53183
72271
7903
25308
36698
97546
49445
78714
95297
31220
57856
16495
89319
78419
75434
64168
9453
23361
28007
99048
44601
63069
2118
90252
78287
53020
99825
29072
73583
88477
68049
60107
51370
34937
26528
47574
87970
77625
48332
33866
78782
43522
66597
82374
57510
57195
47044
43568
1633
45231
59767
3347
48617
66654
52269
68614
96936
41550
10043
2510
27921
85774
49928
8441
189
89275
93019
80779
93600
75756
35583
26231
43143
64840
17841
89603
77169
45112
83974
83981
75175
78134
12699
34796
75033
32324
79962
93519
2935
91738
55077
4834
28776
47351
54883
12176
24587
35928
92964
57314
76520
21415
68723
39204
22513
27691
90423
93545
40346
16925
17861
5669
66514
51611
65638
80376
50813
20373
41057
95275
48816
36388
16613
88851
45897
58650
87508
21042
65352
39413
29487
33148
93805
50382
56250
81335
57199
73710
20076
56412
72566
80671
1270
51291
66359
26880
14637
43195
73962
76563
74518
74782
75144
2769
91533
26370
66470
80829
78225
10372
361
64085
83791
22016
22373
80516
86058
22547
78806
80725
54084
35041
67994
12418
7884
41011
52937
2187
47972
85336
28017
74979
73261
6348
76147
88419
56913
96918
2452
57730
90957
60459
97921
62300
96377
624
65090
91726
65046
99004
99065
90052
40371
4092
44312
5514
21179
80752
37052
64511
14622
27123
42601
72456
20762
80057
5379
9985
74950
64529
84743
69901
71964
12809
32708
47150
81825
66352
24794
37488
80946
93846
93261
28672
41900
54608
69829
15771
71639
65432
15493
71617
28048
71666
7237
14536
84306
39977
65135
44876
61408
68119
71571
10180
34482
23107
17447
66448
84378
51525
51551
66222
22514
70213
89252
75020
67267
97186
79476
1016
11508
69934
68951
84244
65325
4054
94745
71237
26823
45568
70472
13258
55635
3725
60076
88073
867
56478
15421
63173
94137
41106
54054
88684
5578
61901
51093
70605
61198
40501
95739
44007
87143
82230
86534
75804
65099
34085
56152
22468
73487
12578
80644
18270
39634
87606
30341
57601
15140
14044
15899
51633
9713
43196
69795
35085
77582
16306
50001
29957
76639
7150
20237
18761
50786
42484
34791
59517
59260
60803
25176
56905
29597
75251
3255
26572
11538
23799
43572
72048
14920
50851
77812
65624
75960
83079
32074
12951
7859
29592
80879
39802
8651
90256
97533
54725
51707
58892
35085
25756
83316
17044
26923
89687
20517
80855
403
25369
2471
21716
68939
13114
86338
25077
81629
53119
15327
48182
46735
87403
40044
15908
768
78576
91653
65632
18785
29886
50405
76674
3725
80476
2248
15674
47111
57108
68444
36338
18511
34215
84292
69136
66464
79682
47528
40504
2313
12137
7261
58477
49382
42064
64812
21656
27322
5033
25762
79297
77483
12663
97716
9338
98554
63041
4364
45020
87262
13762
87444
72840
18236
46141
38974
53360
18693
69229
64141
67438
8716
38555
22852
18610
68546
98857
87465
4633
93808
1803
82838
3128
32336
45333
49564
72152
97481
94063
4980
82332
16901
75878
17219
60446
79024
70716
15080
55991
29103
51551
11686
24189
45691
31447
25769
13702
56761
34777
99479
23627
96823
73561
25268
20584
42373
96348
32145
45184
32525
88171
52691
89150
24304
97923
26076
24438
36447
6442
98712
93993
89427
31356
18949
57127
13705
77667
44799
70543
27581
90277
93960
13010
51490
61783
20817
93142
70812
37840
28296
54903
70266
15032
14654
57415
66131
29983
67090
80981
12412
51562
36959
85324
13699
43432
56352
42930
80235
10306
12668
11505
56740
23665
86961
16851
72070
85194
37505
9638
30346
55540
26867
50751
84293
88826
11624
88410
33858
41116
72668
19584
43579
25952
43124
11777
22996
32902
90922
91297
70420
13689
94705
90191
43968
26305
97159
73424
92758
78549
67255
32667
31779
53069
78824
18525
23105
75158
82950
7996
66257
56191
65803
76057
51697
62257
87145
55471
82425
15227
20790
55384
7736
51306
98261
38062
35174
81944
98685
75598
32134
89820
78632
75065
4891
6879
32698
6965
19075
8175
35916
9009
31507
78828
29876
17669
48625
77279
51443
16183
19624
43307
56186
40826
82988
23931
39258
92785
39882
68603
17863
67154
79563
61251
34824
44517
57253
26254
76765
87371
9214
92425
72205
84668
18878
73095
42316
82313
95855
63568
6565
51392
81044
52442
81834
36941
91555
1616
40437
50141
78208
26606
99321
45790
76184
32335
71530
81763
88919
69630
11526
10084
66182
65864
67902
72801
85572
65907
68677
35527
67904
59368
48468
64460
18801
10507
16792
17588
13426
67627
52153
86965
68380
79861
52487
54904
34210
28547
5507
34230
94115
82322
76071
48706
22864
78417
30611
52710
13147
95605
53301
10469
72087
71465
93972
66463
97074
47875
2874
95027
79724
3570
39451
22110
63922
10708
65574
80162
18108
22947
55847
23267
69759
19503
24886
70122
5295
871
24576
58508
68149
75569
86735
83973
50153
29241
85017
18878
32844
8902
43330
27086
47429
4680
57103
77372
13142
86126
34536
16610
78554
30708
46857
48685
76381
61657
56646
75905
79288
65678
91160
59577
39623
89547
2439
35565
23721
22428
65558
31660
19700
15864
19174
10025
78834
48882
90920
83986
86524
86568
8579
27994
84753
45689
1662
50425
56818
97044
26154
20457
87166
85259
4623
22897
13541
54854
68498
91615
37932
53716
40224
95022
69628
72701
88473
42951
45542
50738
72571
1668
91831
73574
34282
23792
58580
9942
55769
42122
58259
96643
93816
67848
30901
56929
88667
60727
24099
95272
92258
54337
97956
93319
32650
97416
23417
79320
63279
26990
68022
34574
91484
46743
38877
37996
67217
12102
86968
72431
43120
87333
10162
5163
89060
9024
61714
74260
84622
9232
27477
1939
50797
97685
69128
97432
94761
11805
75263
36654
71421
85057
83477
72362
47550
7663
46720
58077
96652
53890
25424
33513
34805
27533
56484
26416
64128
13943
68904
94248
82300
61631
32335
54891
36198
15393
90057
26763
1265
19089
37058
62275
59445
69220
31031
44552
84566
62063
13109
1662
39632
25799
8720
94983
17564
3719
9181
24758
25346
98799
89612
10914
67899
77577
87365
45174
43009
52264
29246
49093
24021
30633
80406
62171
557
68540
46993
65678
64472
1339
59057
7443
64495
37144
52717
61293
57658
98966
8848
769
40284
58990
66865
82821
99965
34482
78411
28662
86866
71245
23864
90953
28106
82537
85615
16857
23575
90027
62966
47359
56919
73113
23078
92096
67423
68059
18074
13632
73699
21759
88403
54068
55108
68118
79500
19861
71606
20477
27924
11281
16237
69174
27437
69563
13156
63604
19360
17986
32425
40086
95803
60672
49512
47562
28681
69161
9235
80051
24844
2467
23787
42981
91065
2132
87821
91789
73199
36535
33468
85678
73174
14985
53446
97478
21456
30496
43702
64111
17439
74010
64886
44481
9587
84979
26207
18004
32333
30289
92639
49604
67318
45658
70789
44749
13397
709
98987
51094
25041
19214
84705
2378
30435
29858
81650
80609
74262
92634
8437
5437
16318
48101
19859
36080
32979
41662
33679
8987
13864
18109
95959
37714
12460
94089
63814
51835
82525
24011
69171
86421
29283
74366
92025
98004
21584
57666
40964
37547
74546
2639
66581
96163
53299
63239
78610
32071
15885
96068
63021
36866
32877
28753
143
35296
45763
88405
10401
42226
9347
77322
57623
48941
82075
72523
62266
786
1137
94347
72432
84679
99545
96707
57769
48900
48176
10627
78185
60715
61624
9770
88589
6830
38288
91537
37660
9940
53518
97729
85035
9462
8636
53029
82157
65380
54701
42394
90198
5349
80282
89506
23978
96475
72318
51704
934
21701
73642
54206
40426
61214
9093
62931
20290
84419
14948
60064
16432
93937
85218
35025
42840
2220
62428
86369
45672
10333
65740
26126
43521
85619
69599
57419
47590
58218
55605
98324
36576
91273
5301
89436
58827
84069
28811
77923
80321
83363
1631
29540
53089
8251
52370
36202
20540
48376
33943
87298
3996
33628
56236
35659
41328
76704
65940
83274
29560
94776
49235
19834
76266
65237
42181
51009
88159
15493
85307
43870
78878
95221
73139
83743
93826
96950
72851
97615
26250
7261
22913
90315
94845
33605
18498
19285
69751
87727
8941
99170
46549
44265
58699
65679
46489
26189
43342
89297
24634
47584
75019
58793
77836
37211
32149
84565
62823
59206
53559
15684
81942
40992
58862
27586
57151
14363
22241
94705
21898
50949
83582
53465
18223
3969
85522
81494
21473
47508
388
10191
8977
27291
36206
60103
69760
21721
97881
7564
32868
60943
16725
13837
40278
95748
97426
21897
97046
7172
65437
96066
76860
1829
90490
66225
69372
57636
85019
37619
34005
91918
56890
22048
81654
18427
67065
1628
15949
13204
37203
36422
5294
78645
66398
71567
17628
83886
40160
37509
76919
59491
87915
18317
88546
93492
78647
79918
74127
73142
82330
94154
93482
81792
67494
25896
81151
20450
28447
88172
28744
90384
41623
38025
93879
20924
64009
60941
70653
96129
93870
79770
16533
53564
7775
40948
7919
62261
64071
96214
24124
81532
53956
60735
12755
19502
52987
12747
78047
87734
74901
54716
80165
77616
30361
78199
72789
489
11399
81451
5420
80002
80462
41931
35459
10867
57035
85533
18841
91117
25376
71531
97016
26424
69452
25559
44102
44923
9516
38764
33898
72889
86670
5039
7640
65208
52141
1716
75643
47390
42926
55149
62782
13748
73750
62365
23928
26124
3622
16171
60145
40575
54484
594
47029
96687
47687
50197
7636
41099
82958
91184
28628
34097
62718
27690
93236
82541
41991
54854
5789
43744
39505
1880
19943
97436
70424
63573
69445
17995
58113
77507
70126
32208
568
78863
81417
94885
55016
29886
92372
50019
30134
13851
14609
68385
98362
4079
7278
62035
13242
3023
36079
63251
6437
23855
33690
55901
37033
5364
82911
45813
17778
71880
57506
93923
49024
80006
91655
87102
70851
86900
69848
63591
10582
74449
39253
43500
89333
61220
25465
1197
2652
74612
85253
99483
18461
74102
85356
60764
89245
79585
76731
92044
7949
74046
76578
10717
48384
16026
68642
90431
9613
31293
13109
42970
16131
91349
8757
19256
5987
32940
44970
70240
36255
36377
63700
49917
97774
46834
16497
44157
32648
91967
9707
57973
29860
90697
41409
20834
3084
47025
41841
43722
44665
1885
60959
65921
49265
51213
38596
2055
75705
33036
39445
15887
30105
73026
50543
37787
59275
86278
99004
707
70430
49041
69477
47124
75021
33645
84468
99157
30520
67949
84165
95876
55932
60150
69321
82399
19156
55387
96118
58079
2731
35014
45710
43455
9852
36722
54569
40634
70536
35670
95938
81234
19763
64892
52540
74477
91324
74287
65007
36954
18551
68883
91763
28338
92073
64366
77063
83705
55679
36932
11647
72227
12556
83904
74888
78771
19933
15246
37304
54783
80890
2823
58679
5519
95067
44035
81828
30725
68516
13618
91046
8854
63647
33958
13200
13366
45653
94760
42575
77970
92040
59275
98035
18551
33744
94526
69688
10256
82416
84538
92880
52044
12404
84091
12910
70558
69162
27532
91057
6910
91769
13403
9356
19821
25826
64748
17038
20982
22738
9865
58323
81103
94306
34550
89670
92799
4299
16418
53425
41657
92617
18266
17091
54119
41995
52088
13628
59650
99411
69945
44728
23165
29072
28429
5270
72066
13302
27815
30851
47220
74551
88467
72648
79475
46976
21671
40877
70910
99122
19826
59784
8595
86396
45298
53382
1106
72466
89218
74517
26848
99052
30480
41259
17831
57788
81676
88727
61018
85805
22972
47554
89173
76373
51820
87649
42659
69112
47875
58234
82458
32953
62801
19729
91298
91388
13253
60718
68531
98461
48475
99052
71547
57159
89298
2720
7966
72210
58812
26628
44056
71260
46766
86815
92286
82979
20503
47955
22371
50012
40814
94179
75446
47923
13956
61855
38313
48031
34552
7438
29420
94049
43721
84086
51960
1913
16390
80394
10247
44741
96545
39409
52768
81015
72899
94863
44434
498
18841
74770
70646
82753
459
72635
96054
45780
7277
71783
88300
52888
24079
37946
66787
60625
52751
10695
21434
65334
14671
65181
98663
22794
19232
31345
10680
91250
29757
42756
9556
63736
81269
68786
9632
86459
99808
77814
59742
55665
83410
97693
51856
17050
99214
81734
61978
16578
47954
7506
54598
89426
97392
77357
6240
77427
73116
66841
47329
24833
11233
85076
55242
1000
73551
80390
86022
75486
74447
7753
20946
93725
13943
62068
9657
16026
22424
53478
727
25255
88820
83052
96351
33793
74382
30351
32760
34871
92474
78557
81346
77336
1011
31538
39990
37079
14059
79554
80876
64510
57277
40070
83190
92876
48638
25249
50506
36461
89874
8046
38717
84820
27579
30600
35274
75607
56237
57525
43665
98151
26909
43536
69053
96331
32023
28082
27134
96312
42606
9372
16661
7951
20334
64355
58734
42643
7309
84120
96775
99877
64480
74003
35791
23710
76683
71195
63402
78344
49104
11093
7665
31481
20681
1863
71126
74029
21008
87368
38309
49472
93115
57510
54278
6117
76229
73939
35934
79013
96519
55308
33269
14071
34854
56487
98739
90680
87526
83641
45956
32744
18365
42274
62011
18401
84002
63446
50194
73076
11203
41320
55599
24258
61014
42132
56482
62035
37639
28074
61546
4503
56465
31890
7128
19767
36936
4128
90828
46679
58322
21750
12027
86666
93846
35344
81874
914
12
40976
21076
65682
53652
79558
43103
75954
23523
35868
70221
74191
5592
37020
63447
23644
14445
2590
16691
32217
36105
8849
53694
24270
4146
55013
18740
30820
92992
73875
59164
74144
76556
67242
99265
40509
78407
9879
17179
56293
7495
2352
79149
94411
77436
33885
73831
74088
82977
30019
2219
25233
53742
55246
94092
1457
39787
11003
70963
69608
50974
62751
20028
45632
62565
9688
2045
57479
75424
68142
54342
58830
42853
68932
56803
56253
36439
7745
90943
7728
84624
26006
76515
46642
86971
35564
64764
59413
88287
92139
49083
51628
70646
27657
51797
52037
62076
2029
62315
17509
26978
70335
96900
62529
94401
64782
39030
32055
79308
66909
75875
34728
19583
16779
41056
90642
58388
14237
46641
58381
73364
92298
74096
67042
46730
92356
19565
53059
29203
85694
45999
82059
69906
28510
12601
915
64768
46112
66248
49806
23456
99940
4248
99330
10929
23477
42021
19812
91676
76279
72335
10062
84685
40620
98999
71903
89727
46019
6663
70191
93456
23038
84046
23949
9364
78079
86601
82264
59365
64782
75773
310
17591
17769
51072
85876
41674
48873
60887
76731
64377
86861
3802
70059
27023
26917
51956
10167
11481
22940
79367
68092
33302
85795
57068
58815
93228
48854
32856
64291
87892
80622
65882
87811
82997
75330
34272
91186
69486
63066
63162
77964
57613
91346
98454
43161
60509
3336
40362
33726
57628
25122
42801
46207
29130
46111
76332
97141
39901
49336
37834
8
46098
46066
24386
74697
61918
25219
54909
41615
2402
44446
96145
64940
13789
57341
80391
8682
73819
36810
73982
50952
36299
51594
86473
23947
15407
30246
1043
54915
26764
80279
9187
38075
81249
34510
65434
98588
90965
48990
79705
11071
30185
3271
30368
53549
91244
86111
69265
58645
97517
3166
48979
4072
93707
8966
88307
36117
28585
38381
21156
52156
48381
72201
69319
74193
23399
95703
61638
19984
32575
40616
5818
55
22343
11465
99116
42532
10528
89933
92248
74251
52216
46489
98190
48020
84096
92236
24658
89200
37852
61672
41892
4662
35348
8769
74042
28062
34952
14593
17129
89464
69856
80150
98722
99306
12608
31385
81624
16805
64923
18684
8352
11427
36895
34863
38770
36095
57646
16014
73420
76944
4333
98123
64598
89155
24661
54003
76128
2197
5894
68288
39719
65578
86523
12379
30582
81772
99129
48907
713
62404
88002
99519
15853
93838
99206
10291
37028
74396
88025
81410
53925
73162
39487
16649
5791
63289
94499
14420
44765
33610
52871
37415
50213
15800
14006
99339
73499
77298
16661
41971
31395
60020
3672
15113
84644
33218
31474
53242
15911
19553
68836
75099
96415
34769
26550
36311
61602
28234
30403
25110
64501
60049
63918
95467
25415
86424
29043
41338
46068
42928
22585
67908
7561
20971
98659
91216
8167
69746
83269
10552
99808
76032
53492
40525
44543
82041
57526
2792
26756
15307
6809
34287
41037
79103
63392
36192
29232
39164
51159
8316
94692
34169
22215
2579
54112
70940
44773
39112
63931
10803
97797
15936
69299
69454
9261
12109
91209
21815
14980
14641
9897
60464
34569
46354
35559
74696
55263
66393
59237
87513
59814
56070
46449
20929
75237
83827
69995
74266
25379
58339
24420
53304
13910
12231
84034
21375
49330
56173
12833
15199
22211
95814
17908
39309
54646
79794
22280
65375
86609
33003
32265
70883
74947
83626
82237
53468
25078
4857
69391
7899
15425
12566
96711
53462
93818
13409
17460
32775
15529
91235
35083
69988
52695
68923
22121
39030
17925
1830
76404
21880
91353
48265
69120
8366
42740
44670
10414
89375
56575
62873
71919
41297
78243
96534
43302
18496
87
35617
41419
85370
67988
98658
98923
30426
40613
23843
9869
90847
74714
8703
65168
92040
35964
52968
32784
6638
66523
117
80839
90686
96706
39399
18288
98705
34156
27094
64358
25642
80080
69884
40843
18924
43704
29022
58118
38837
87120
37971
66979
39387
50361
66386
38494
91170
94461
57660
36794
16663
93853
55555
46572
29195
25382
5046
55093
12911
64098
92618
30348
44873
99690
69126
78329
24497
23929
96971
77054
63786
47580
40894
29265
56224
17990
49748
57316
68986
27264
40153
52421
93596
66973
76316
37056
76381
45644
88666
90339
92191
97607
24614
74202
58096
70056
15186
3257
82876
1274
10141
25432
14573
67373
30713
15896
57632
86276
72951
1380
7429
5705
21010
4243
54547
42017
69172
7881
7173
31225
50825
52701
96981
25151
64190
52118
65716
38030
49237
63630
68003
90241
80905
40568
38609
80424
85720
13534
97329
67992
34673
259
29590
73085
95323
84648
6830
24427
90720
36618
84569
17170
76373
7048
29733
89168
65191
45634
22376
85984
94787
76925
95576
70160
92321
88451
76202
38064
11374
93287
81669
16422
21845
60198
88610
447
40586
32841
90435
75008
24275
29831
74445
49562
36755
4519
67203
1308
57587
32356
58176
64547
82415
38249
2065
55212
63259
72283
92556
22633
29808
29366
45361
40658
46455
30511
380
15379
17329
40313
9220
26532
67105
41572
43091
63862
85878
74399
5922
23944
84024
32542
98257
65497
65230
3863
3488
64152
98538
8966
36364
18456
92050
97744
62217
56063
38988
82180
58105
5406
94917
82461
90790
92986
66046
70341
17666
87753
11251
65012
17400
92344
62025
24342
51502
29481
1460
12010
19194
82522
42018
53062
77502
4032
45351
80280
36545
28083
42214
44232
72428
28994
66329
62201
35101
20200
67230
16590
29355
38006
51390
42761
32855
33808
17466
302
10188
59284
13300
46407
89875
59156
45527
35873
245
19845
27012
61427
9453
54992
94331
34078
44361
86694
44706
63376
11869
29104
95957
4227
33924
78340
17546
27618
3093
45715
47487
25228
40766
16992
27363
84209
76927
44235
57086
74009
79365
2667
44125
50532
65921
74811
79742
78348
29189
12459
45108
96038
59290
85911
50679
93480
36993
85748
67244
99332
24388
86887
50893
55443
49112
30480
9620
57709
8882
94339
94153
20116
11747
33847
96165
62128
89489
27511
69187
80501
35059
61591
62498
57185
98856
61152
78073
57761
23733
94188
63896
23731
19385
60558
73526
6566
4207
12712
16541
31326
23648
71872
50638
37812
43458
84908
87281
19930
13936
10570
78462
93404
94311
16972
22369
95938
4315
84817
25742
4722
80724
97679
4577
2578
85896
12556
53840
99051
36278
59564
53295
74089
23228
25957
21632
33247
39766
42542
8469
89895
11892
69686
47299
71399
69494
93809
60293
10543
17543
90348
14378
75775
5875
65346
1180
7046
84357
33671
83438
86821
42434
60449
33697
51185
46268
82167
82035
78168
34260
51042
66052
49563
42063
2976
22374
12857
83059
44423
55873
69932
85855
22038
67425
22508
72133
79399
46077
85682
7652
48289
2404
14616
3238
52874
16389
92763
29170
3034
95483
40546
33487
30347
92627
70105
2583
98444
9532
47638
65395
28852
28330
30620
78937
94803
76551
14398
86814
70596
16695
41531
26073
88991
22182
5607
19350
40748
22640
45323
7060
19026
46348
86595
37180
98957
20662
38437
26622
66685
13784
47745
8297
85499
55668
12772
61799
70183
10160
35991
31763
92988
93535
47268
45464
39173
72552
95960
79239
22026
46741
6020
68724
97602
69339
28702
97646
52332
42336
20964
98585
10649
48526
68416
87722
32992
88178
20647
63710
17429
39473
51868
84663
12500
53577
29490
40500
30807
88735
17902
10476
83879
19082
35786
65863
2864
98394
57334
60153
46157
28262
1978
14460
5090
48882
26870
8329
92232
83641
7754
68562
90818
58589
95665
39423
18447
44424
45736
21283
24697
55293
93261
31290
34250
56160
88067
80098
38558
84255
53457
7890
55219
83388
49226
79099
96732
88856
95143
84602
35862
22397
17200
3095
75698
87528
4859
38526
48881
81009
74059
20343
98702
61240
44697
69348
90228
83406
38384
40503
50864
29437
86802
8045
84322
80021
84952
64010
95885
82484
81527
43762
8878
42225
1342
28321
32521
3846
34332
22697
87934
41271
50046
14854
98331
40867
82806
9727
49995
12230
71031
35387
81836
6344
41821
60572
71166
26150
18698
2077
25240
43515
58794
96068
11252
4042
280
79748
60554
89931
81113
57939
95227
18992
81798
87490
13540
60370
10920
83070
86994
86109
74140
5409
31668
14804
96790
46198
92204
78179
16385
42792
41888
59903
31972
48933
51693
46588
14113
27156
77819
92523
36951
98128
89035
90061
43175
4256
52492
24793
5779
11861
31438
51974
55394
65535
20686
84374
65185
13580
62351
23551
53187
44414
98282
92246
34665
82760
45180
66266
72413
83173
86110
97915
70296
57685
63410
3205
67012
47316
23289
47117
17787
47833
37569
15094
82478
75624
78396
50656
73858
31124
33900
54959
47956
77589
12890
39859
48573
39777
97989
57049
57201
31402
99416
68429
34242
85205
73524
51434
78241
48434
29005
68480
94308
69373
89201
1025
95107
88911
64962
12872
50653
94305
23877
83622
14135
96703
26963
96202
86148
25541
40269
24589
77857
36057
63084
80119
89399
49060
22262
657
96163
95662
72589
44328
73490
49941
91009
21178
7206
81834
36102
43425
50710
81288
60736
44153
97905
59185
72891
37360
12803
5191
42327
76745
66832
56676
32608
1612
83549
5719
67867
66318
25678
55100
73181
96152
3018
55670
81750
43574
33498
12683
7690
66143
10449
64060
37472
2012
10790
10656
61364
18103
14012
46972
27527
21026
39874
24225
75862
10656
48118
81922
78120
30836
1317
65904
75936
61860
9262
64915
33235
16265
2468
96199
47443
2870
54706
51506
53258
23619
84088
34366
96483
51957
36564
24023
58209
73035
29884
42402
71443
51815
18728
4983
58399
23544
71181
35901
75163
97280
27843
96865
3932
32422
62920
3219
64421
52251
96957
53405
47041
14465
36014
35680
93323
78716
58351
1804
61610
88185
36226
64796
44923
79030
36086
28716
93574
59661
48137
43161
78131
74400
99053
31283
78325
77026
25961
63681
43844
7936
96470
78257
48585
65163
42410
19770
72498
19746
32306
47312
65285
69824
11191
13603
84849
41215
40131
27605
78240
60008
86461
1686
33129
65337
93873
53662
95491
18993
18827
60102
47027
5211
23009
33795
23366
89396
3824
42720
42714
51546
73343
56630
56182
35220
63808
94315
96667
3672
95477
84709
60786
93277
91151
69545
67396
88446
68369
24213
61544
1254
21299
38870
22039
8926
11170
28614
71388
33329
99813
52069
25736
18041
72283
89811
14626
25256
35392
46312
3675
26996
89967
80528
63230
51871
3616
6663
52806
74754
83282
6860
53195
5206
64900
13893
28532
13503
7806
43791
30544
73142
6893
51711
18400
28433
52779
89498
22892
53745
72316
11438
18614
39
1012
59243
60171
97475
18167
18434
30485
29243
88473
3832
70573
69717
51172
6310
9774
49650
88951
87377
21317
75222
85483
25409
31621
40952
2385
6880
30456
16802
90647
36592
78639
63077
16810
48745
794
42077
60406
20079
1555
12444
15944
33900
48468
97078
45300
91023
42377
37737
73618
37120
46976
71526
14147
13598
31869
37824
48530
27736
30314
94672
52470
8772
85516
52323
25332
19679
26480
16961
29121
88706
5732
49594
94341
16221
65891
46222
56122
44690
51464
13305
56148
47825
13092
48538
62011
1644
45162
29535
92275
24054
88199
93487
68669
93309
41903
16403
25494
34752
44050
6082
49149
46798
17006
78343
946
83358
64990
65713
60666
53381
70832
15575
82591
16119
59157
4230
4692
12317
79889
70440
86966
71151
52050
15955
46094
4558
74621
23371
40692
38944
82019
52948
5965
39081
45395
40377
37045
63427
51946
28466
29527
38042
15717
68214
82136
73383
54807
33085
13012
5958
57430
38255
40097
90358
30735
19151
26608
47084
6842
70494
50738
67028
66024
52013
54774
4326
2968
42403
91728
9665
23562
75430
96790
37734
20683
52042
75268
21620
91791
79123
70751
88635
1852
88425
10998
89919
51138
35831
57925
34571
99017
51872
95348
64943
44548
7903
49692
91480
79713
64824
92585
64523
73954
57217
32666
96222
88229
71879
69669
13842
11615
84286
63288
60688
49992
57896
48091
16991
20976
33793
85265
84896
55088
65317
81566
77542
52058
97407
27298
70741
96242
54255
97666
24022
12470
53878
91496
20788
86169
33569
65569
42806
90573
4816
28004
85849
87902
9186
40211
89609
68092
20511
42105
58333
64721
20449
57076
11820
53265
19424
92044
21647
19182
12761
7041
51093
96299
59930
97059
11709
88425
44076
50714
92499
27741
4765
42854
57354
74978
7498
20065
21522
50891
36774
81857
35446
94481
9961
93114
4886
77610
60247
61695
85308
69755
91083
81033
87292
70532
61984
54192
16781
82841
43773
21142
63390
94130
4923
27651
62615
76216
72724
20139
81709
98079
79241
88524
41889
96787
43727
29492
34710
33003
32344
25311
38926
60443
7514
12637
51872
57509
99870
63122
85431
4175
92615
71447
62314
81040
70492
99871
81363
85923
29908
44244
8399
84958
42813
11935
43697
53341
64329
47462
97251
42487
26582
14095
21882
59442
41816
57571
51796
73747
20357
92814
721
52333
19325
32867
96939
44155
7028
57629
64116
37545
67294
7871
59659
88075
28406
189
7738
52689
10954
88340
30126
29331
23494
19380
84116
97670
1979
82014
81005
25073
79788
75272
92686
66617
62837
28029
53110
63191
62425
53665
76812
92364
27430
97970
4021
27371
70535
5739
49007
82132
93638
65378
37261
90465
17980
54289
65936
90969
31414
37170
96030
96643
90245
7907
15105
54388
40259
71624
93119
64585
33373
29200
11313
63376
89505
63152
76610
53985
10181
72332
57542
92138
85073
55988
21716
49159
99275
46187
85666
68401
94653
18818
64507
90349
81925
44163
34432
75749
23449
42474
69560
43380
99892
18669
11125
99803
82850
25213
46373
90961
23940
44645
99601
54967
40992
68974
6902
67112
99080
91045
76957
15728
63237
852
91929
38868
7168
75853
33085
13455
44012
81382
29303
62621
27860
19997
79341
8655
9917
57565
79634
86911
82103
60665
96581
14046
1637
28597
98695
84841
60358
87652
48407
8634
67520
21099
35755
99803
62569
34565
26797
84373
88657
93088
61968
88422
65007
64676
16269
36945
84070
13908
96510
6224
75603
97581
41719
94852
23702
46219
68636
34061
88763
50091
41890
63029
32324
95851
14118
77414
85460
37614
92548
68892
57563
94139
58646
33365
57753
37029
44937
89061
42257
42054
45661
46694
77548
69604
32889
19117
42406
10677
94376
82136
75673
67359
16980
73187
76612
62776
87421
40794
84823
85772
79734
49160
62174
95677
82429
70157
26919
64357
27925
6671
88850
15287
17186
81128
86197
61059
57664
2557
14985
84472
4863
15822
40340
90307
30303
99689
13363
39958
16293
69625
79268
21892
15575
47036
69646
15785
61754
86323
15213
66951
90309
65554
67198
81579
41153
73527
69827
95053
43519
37687
94323
49494
1014
38836
56225
67612
75576
30731
31720
31561
76081
30985
71344
6714
42811
5470
86719
10403
15680
92810
24415
64528
17581
20499
58567
97638
93454
35609
29513
21063
45836
56385
98456
93172
10049
23181
96436
7182
20468
74988
46612
60309
64053
63598
94318
8401
67990
85936
39301
82863
34691
40918
93520
46307
76032
65238
10691
62572
67166
8849
25437
87157
64570
83197
63053
60503
88274
29021
18081
70236
67653
27858
45132
3198
97734
13258
95283
23726
9339
76599
44309
97521
9784
58555
82933
40901
59060
24095
95589
21921
4069
86851
90289
83962
35197
31920
73413
46497
19168
9129
43707
90826
14592
87487
84037
84840
87703
75715
7091
62036
55232
65591
40738
4717
49779
78462
81377
88217
19451
42322
58625
20361
91670
81492
8089
18554
48328
58333
92019
21816
10844
79987
50839
97213
53848
58648
85873
4855
68828
86941
91201
48296
38583
74067
47584
49703
30566
20354
20746
76580
82314
24498
86156
22888
16613
58311
94570
14810
39825
59978
2093
80574
41660
32193
74952
3961
55779
73697
35302
75728
89610
91930
2066
85133
21846
90865
48291
63971
18119
46795
11777
45385
74806
89860
9688
21154
54662
19456
8376
39902
46058
79257
15878
23225
1427
36439
20548
93313
24468
19613
88503
45653
92660
59008
87834
33960
32527
65043
159
89605
52362
89341
7805
25933
34609
39212
14171
40987
49775
55875
33015
42793
47912
88175
75027
94316
33590
39735
52956
65401
68735
31186
70201
79019
71535
5362
81773
42525
72823
98142
23112
16849
92226
68541
50960
25779
88048
58894
82791
98584
93265
45173
5978
37120
57919
25456
72326
53434
3832
60999
96359
10439
31927
88386
47294
72822
98574
19028
77182
53167
50850
14453
44243
58475
19683
62190
31983
2208
90599
99853
11314
28955
77602
69657
67670
74054
34499
15295
96341
21161
55182
71210
98071
18924
18545
49074
41051
65307
83814
92107
29505
59394
82212
29118
89010
887
37666
22164
19917
48408
18794
62959
60815
10217
68533
29107
6558
14272
4744
56737
97394
56316
73195
25765
13505
11951
45058
53189
83205
78652
33834
15834
89100
45051
80465
10587
46459
75674
96146
70324
65152
99582
6284
92118
45363
43783
49951
59272
27911
38961
77826
76443
76467
73622
1155
99643
26584
9521
74972
58497
59663
72126
78158
72421
28497
35326
54397
93745
28257
60726
59272
59345
92473
51766
18723
71750
7152
48631
85203
59546
64037
8990
38021
19374
28139
10909
34539
70992
72593
51673
23380
17000
81773
45638
60999
5104
2212
83182
90428
65380
70936
32624
2551
65455
85711
53413
87266
1253
95772
25950
54917
44623
44588
63114
10117
51937
75631
87668
16438
44008
12832
26792
14942
84799
45203
19158
82312
30240
15515
65743
76418
22327
48309
81293
49203
25970
9556
73199
13596
6517
329
39745
9386
87083
57423
15290
69845
72215
23409
94911
59417
52935
79001
34501
62286
68842
16373
13491
91622
18808
93031
83398
94242
49136
90602
61455
73041
10623
90269
24247
33574
10204
67469
16866
64757
34897
53187
23729
93995
12531
3782
92738
2919
3474
36687
72082
77720
58060
41096
25154
76436
97948
90911
1559
70130
35697
19437
71771
4036
21337
17213
66466
21589
91900
8731
63015
11899
54468
89499
59060
57433
18298
57411
90144
64404
